1.999900000000000000e+04
1.986000000000000000e+04
1.837300000000000000e+04
1.749900000000000000e+04
1.687700000000000000e+04
1.639200000000000000e+04
1.599400000000000000e+04
1.565600000000000000e+04
1.536200000000000000e+04
1.510200000000000000e+04
1.486700000000000000e+04
1.465500000000000000e+04
1.446000000000000000e+04
1.427900000000000000e+04
1.411100000000000000e+04
1.399600000000000000e+04
1.389800000000000000e+04
1.380500000000000000e+04
1.371400000000000000e+04
1.362600000000000000e+04
1.354100000000000000e+04
1.345800000000000000e+04
1.337800000000000000e+04
1.330100000000000000e+04
1.322500000000000000e+04
1.315100000000000000e+04
1.307800000000000000e+04
1.300800000000000000e+04
1.293900000000000000e+04
1.287200000000000000e+04
1.280600000000000000e+04
1.274100000000000000e+04
1.267700000000000000e+04
1.261500000000000000e+04
1.255400000000000000e+04
1.249400000000000000e+04
1.243400000000000000e+04
1.237600000000000000e+04
1.231900000000000000e+04
1.226200000000000000e+04
1.220600000000000000e+04
1.215200000000000000e+04
1.209700000000000000e+04
1.204400000000000000e+04
1.199100000000000000e+04
1.193900000000000000e+04
1.188700000000000000e+04
1.183500000000000000e+04
1.178500000000000000e+04
1.173400000000000000e+04
1.168500000000000000e+04
1.163400000000000000e+04
1.158600000000000000e+04
1.153700000000000000e+04
1.148800000000000000e+04
1.144000000000000000e+04
1.139300000000000000e+04
1.134600000000000000e+04
1.129800000000000000e+04
1.125100000000000000e+04
1.120400000000000000e+04
1.115700000000000000e+04
1.111000000000000000e+04
1.106400000000000000e+04
1.101800000000000000e+04
1.097100000000000000e+04
1.092500000000000000e+04
1.087800000000000000e+04
1.083200000000000000e+04
1.078600000000000000e+04
1.074100000000000000e+04
1.069500000000000000e+04
1.065100000000000000e+04
1.060700000000000000e+04
1.056300000000000000e+04
1.052000000000000000e+04
1.047800000000000000e+04
1.043500000000000000e+04
1.039400000000000000e+04
1.035200000000000000e+04
1.031200000000000000e+04
1.027100000000000000e+04
1.023100000000000000e+04
1.019100000000000000e+04
1.015100000000000000e+04
1.011200000000000000e+04
1.007200000000000000e+04
1.003300000000000000e+04
9.994000000000000000e+03
9.955000000000000000e+03
9.916000000000000000e+03
9.877000000000000000e+03
9.839000000000000000e+03
9.800000000000000000e+03
9.761000000000000000e+03
9.721000000000000000e+03
9.682000000000000000e+03
9.642000000000000000e+03
9.600000000000000000e+03
9.557000000000000000e+03
9.516000000000000000e+03
9.476000000000000000e+03
9.436000000000000000e+03
9.398000000000000000e+03
9.360000000000000000e+03
9.324000000000000000e+03
9.288000000000000000e+03
9.253000000000000000e+03
9.219000000000000000e+03
9.186000000000000000e+03
9.153000000000000000e+03
9.122000000000000000e+03
9.090000000000000000e+03
9.060000000000000000e+03
9.030000000000000000e+03
9.001000000000000000e+03
8.972000000000000000e+03
8.945000000000000000e+03
8.917000000000000000e+03
8.891000000000000000e+03
8.865000000000000000e+03
8.840000000000000000e+03
8.816000000000000000e+03
8.792000000000000000e+03
8.776000000000000000e+03
8.776000000000000000e+03
8.776000000000000000e+03
8.776000000000000000e+03
8.776000000000000000e+03
8.776000000000000000e+03
8.776000000000000000e+03
8.776000000000000000e+03
8.776000000000000000e+03
8.776000000000000000e+03
8.776000000000000000e+03
8.776000000000000000e+03
8.776000000000000000e+03
8.776000000000000000e+03
8.776000000000000000e+03
8.776000000000000000e+03
8.776000000000000000e+03
8.776000000000000000e+03
8.776000000000000000e+03
8.776000000000000000e+03
8.776000000000000000e+03
8.776000000000000000e+03
8.776000000000000000e+03
8.776000000000000000e+03
8.776000000000000000e+03
8.776000000000000000e+03
8.776000000000000000e+03
1.999900000000000000e+04
1.986000000000000000e+04
1.837300000000000000e+04
1.749900000000000000e+04
1.687700000000000000e+04
1.639200000000000000e+04
1.599400000000000000e+04
1.565600000000000000e+04
1.536200000000000000e+04
1.510200000000000000e+04
1.486700000000000000e+04
1.465500000000000000e+04
1.446000000000000000e+04
1.427900000000000000e+04
1.411100000000000000e+04
1.399600000000000000e+04
1.389800000000000000e+04
1.380500000000000000e+04
1.371400000000000000e+04
1.362600000000000000e+04
1.354100000000000000e+04
1.345800000000000000e+04
1.337800000000000000e+04
1.330100000000000000e+04
1.322500000000000000e+04
1.315100000000000000e+04
1.307800000000000000e+04
1.300800000000000000e+04
1.293900000000000000e+04
1.287200000000000000e+04
1.280600000000000000e+04
1.274100000000000000e+04
1.267700000000000000e+04
1.261500000000000000e+04
1.255400000000000000e+04
1.249400000000000000e+04
1.243400000000000000e+04
1.237600000000000000e+04
1.231900000000000000e+04
1.226200000000000000e+04
1.220600000000000000e+04
1.215200000000000000e+04
1.209700000000000000e+04
1.204400000000000000e+04
1.199100000000000000e+04
1.193900000000000000e+04
1.188700000000000000e+04
1.183500000000000000e+04
1.178500000000000000e+04
1.173400000000000000e+04
1.168500000000000000e+04
1.163400000000000000e+04
1.158600000000000000e+04
1.153700000000000000e+04
1.148800000000000000e+04
1.144000000000000000e+04
1.139300000000000000e+04
1.134600000000000000e+04
1.129800000000000000e+04
1.125100000000000000e+04
1.120400000000000000e+04
1.115700000000000000e+04
1.111000000000000000e+04
1.106400000000000000e+04
1.101800000000000000e+04
1.097100000000000000e+04
1.092500000000000000e+04
1.087800000000000000e+04
1.083200000000000000e+04
1.078600000000000000e+04
1.074100000000000000e+04
1.069500000000000000e+04
1.065100000000000000e+04
1.060700000000000000e+04
1.056300000000000000e+04
1.052000000000000000e+04
1.047800000000000000e+04
1.043500000000000000e+04
1.039400000000000000e+04
1.035200000000000000e+04
1.031200000000000000e+04
1.027100000000000000e+04
1.023100000000000000e+04
1.019100000000000000e+04
1.015100000000000000e+04
1.011200000000000000e+04
1.007200000000000000e+04
1.003300000000000000e+04
9.994000000000000000e+03
9.955000000000000000e+03
9.916000000000000000e+03
9.877000000000000000e+03
9.839000000000000000e+03
9.800000000000000000e+03
9.761000000000000000e+03
9.721000000000000000e+03
9.682000000000000000e+03
9.642000000000000000e+03
9.600000000000000000e+03
9.557000000000000000e+03
9.516000000000000000e+03
9.476000000000000000e+03
9.436000000000000000e+03
9.398000000000000000e+03
9.360000000000000000e+03
9.324000000000000000e+03
9.288000000000000000e+03
9.253000000000000000e+03
9.219000000000000000e+03
9.186000000000000000e+03
9.153000000000000000e+03
9.122000000000000000e+03
9.090000000000000000e+03
9.060000000000000000e+03
9.030000000000000000e+03
9.001000000000000000e+03
8.972000000000000000e+03
8.945000000000000000e+03
8.917000000000000000e+03
8.891000000000000000e+03
8.865000000000000000e+03
8.840000000000000000e+03
8.816000000000000000e+03
8.792000000000000000e+03
8.776000000000000000e+03
8.776000000000000000e+03
8.776000000000000000e+03
8.776000000000000000e+03
8.776000000000000000e+03
8.776000000000000000e+03
8.776000000000000000e+03
8.776000000000000000e+03
8.776000000000000000e+03
8.776000000000000000e+03
8.776000000000000000e+03
8.776000000000000000e+03
8.776000000000000000e+03
8.776000000000000000e+03
8.776000000000000000e+03
8.776000000000000000e+03
8.776000000000000000e+03
8.776000000000000000e+03
8.776000000000000000e+03
8.776000000000000000e+03
8.776000000000000000e+03
8.776000000000000000e+03
8.776000000000000000e+03
8.776000000000000000e+03
8.776000000000000000e+03
8.776000000000000000e+03
8.776000000000000000e+03
1.999900000000000000e+04
1.986000000000000000e+04
1.837300000000000000e+04
1.749900000000000000e+04
1.687700000000000000e+04
1.639200000000000000e+04
1.599400000000000000e+04
1.565600000000000000e+04
1.536200000000000000e+04
1.510200000000000000e+04
1.486700000000000000e+04
1.465500000000000000e+04
1.446000000000000000e+04
1.427900000000000000e+04
1.411100000000000000e+04
1.399600000000000000e+04
1.389800000000000000e+04
1.380500000000000000e+04
1.371400000000000000e+04
1.362600000000000000e+04
1.354100000000000000e+04
1.345800000000000000e+04
1.337800000000000000e+04
1.330100000000000000e+04
1.322500000000000000e+04
1.315100000000000000e+04
1.307800000000000000e+04
1.300800000000000000e+04
1.293900000000000000e+04
1.287200000000000000e+04
1.280600000000000000e+04
1.274100000000000000e+04
1.267700000000000000e+04
1.261500000000000000e+04
1.255400000000000000e+04
1.249400000000000000e+04
1.243400000000000000e+04
1.237600000000000000e+04
1.231900000000000000e+04
1.226200000000000000e+04
1.220600000000000000e+04
1.215200000000000000e+04
1.209700000000000000e+04
1.204400000000000000e+04
1.199100000000000000e+04
1.193900000000000000e+04
1.188700000000000000e+04
1.183500000000000000e+04
1.178500000000000000e+04
1.173400000000000000e+04
1.168500000000000000e+04
1.163400000000000000e+04
1.158600000000000000e+04
1.153700000000000000e+04
1.148800000000000000e+04
1.144000000000000000e+04
1.139300000000000000e+04
1.134600000000000000e+04
1.129800000000000000e+04
1.125100000000000000e+04
1.120400000000000000e+04
1.115700000000000000e+04
1.111000000000000000e+04
1.106400000000000000e+04
1.101800000000000000e+04
1.097100000000000000e+04
1.092500000000000000e+04
1.087800000000000000e+04
1.083200000000000000e+04
1.078600000000000000e+04
1.074100000000000000e+04
1.069500000000000000e+04
1.065100000000000000e+04
1.060700000000000000e+04
1.056300000000000000e+04
1.052000000000000000e+04
1.047800000000000000e+04
1.043500000000000000e+04
1.039400000000000000e+04
1.035200000000000000e+04
1.031200000000000000e+04
1.027100000000000000e+04
1.023100000000000000e+04
1.019100000000000000e+04
1.015100000000000000e+04
1.011200000000000000e+04
1.007200000000000000e+04
1.003300000000000000e+04
9.994000000000000000e+03
9.955000000000000000e+03
9.916000000000000000e+03
9.877000000000000000e+03
9.839000000000000000e+03
9.800000000000000000e+03
9.761000000000000000e+03
9.721000000000000000e+03
9.682000000000000000e+03
9.642000000000000000e+03
9.600000000000000000e+03
9.557000000000000000e+03
9.516000000000000000e+03
9.476000000000000000e+03
9.436000000000000000e+03
9.398000000000000000e+03
9.360000000000000000e+03
9.324000000000000000e+03
9.288000000000000000e+03
9.253000000000000000e+03
9.219000000000000000e+03
9.186000000000000000e+03
9.153000000000000000e+03
9.122000000000000000e+03
9.090000000000000000e+03
9.060000000000000000e+03
9.030000000000000000e+03
9.001000000000000000e+03
8.972000000000000000e+03
8.945000000000000000e+03
8.917000000000000000e+03
8.891000000000000000e+03
8.865000000000000000e+03
8.840000000000000000e+03
8.816000000000000000e+03
8.792000000000000000e+03
8.776000000000000000e+03
8.776000000000000000e+03
8.776000000000000000e+03
8.776000000000000000e+03
8.776000000000000000e+03
8.776000000000000000e+03
8.776000000000000000e+03
8.776000000000000000e+03
8.776000000000000000e+03
8.776000000000000000e+03
8.776000000000000000e+03
8.776000000000000000e+03
8.776000000000000000e+03
8.776000000000000000e+03
8.776000000000000000e+03
8.776000000000000000e+03
8.776000000000000000e+03
8.776000000000000000e+03
8.776000000000000000e+03
8.776000000000000000e+03
8.776000000000000000e+03
8.776000000000000000e+03
8.776000000000000000e+03
8.776000000000000000e+03
8.776000000000000000e+03
8.776000000000000000e+03
8.776000000000000000e+03
1.990800000000000000e+04
1.958000000000000000e+04
1.809400000000000000e+04
1.722100000000000000e+04
1.659900000000000000e+04
1.611500000000000000e+04
1.571700000000000000e+04
1.538000000000000000e+04
1.508600000000000000e+04
1.482600000000000000e+04
1.459200000000000000e+04
1.437900000000000000e+04
1.418400000000000000e+04
1.400400000000000000e+04
1.383700000000000000e+04
1.371000000000000000e+04
1.361300000000000000e+04
1.352000000000000000e+04
1.342900000000000000e+04
1.334200000000000000e+04
1.325700000000000000e+04
1.317600000000000000e+04
1.309600000000000000e+04
1.301800000000000000e+04
1.294300000000000000e+04
1.286900000000000000e+04
1.279800000000000000e+04
1.272700000000000000e+04
1.265900000000000000e+04
1.259200000000000000e+04
1.252600000000000000e+04
1.246200000000000000e+04
1.239800000000000000e+04
1.233600000000000000e+04
1.227500000000000000e+04
1.221500000000000000e+04
1.215600000000000000e+04
1.209800000000000000e+04
1.204100000000000000e+04
1.198500000000000000e+04
1.192900000000000000e+04
1.187400000000000000e+04
1.182000000000000000e+04
1.176700000000000000e+04
1.171300000000000000e+04
1.166200000000000000e+04
1.161000000000000000e+04
1.155900000000000000e+04
1.150800000000000000e+04
1.145800000000000000e+04
1.140800000000000000e+04
1.135900000000000000e+04
1.131000000000000000e+04
1.126200000000000000e+04
1.121400000000000000e+04
1.116600000000000000e+04
1.111800000000000000e+04
1.107100000000000000e+04
1.102400000000000000e+04
1.097700000000000000e+04
1.093000000000000000e+04
1.088300000000000000e+04
1.083700000000000000e+04
1.079000000000000000e+04
1.074400000000000000e+04
1.069800000000000000e+04
1.065200000000000000e+04
1.060600000000000000e+04
1.055900000000000000e+04
1.051400000000000000e+04
1.046800000000000000e+04
1.042300000000000000e+04
1.037900000000000000e+04
1.033500000000000000e+04
1.029100000000000000e+04
1.024900000000000000e+04
1.020500000000000000e+04
1.016400000000000000e+04
1.012200000000000000e+04
1.008100000000000000e+04
1.003900000000000000e+04
1.000000000000000000e+04
9.959000000000000000e+03
9.919000000000000000e+03
9.879000000000000000e+03
9.840000000000000000e+03
9.801000000000000000e+03
9.761000000000000000e+03
9.723000000000000000e+03
9.684000000000000000e+03
9.645000000000000000e+03
9.607000000000000000e+03
9.568000000000000000e+03
9.529000000000000000e+03
9.491000000000000000e+03
9.452000000000000000e+03
9.412000000000000000e+03
9.372000000000000000e+03
9.330000000000000000e+03
9.288000000000000000e+03
9.246000000000000000e+03
9.206000000000000000e+03
9.167000000000000000e+03
9.128000000000000000e+03
9.091000000000000000e+03
9.054000000000000000e+03
9.019000000000000000e+03
8.983000000000000000e+03
8.949000000000000000e+03
8.916000000000000000e+03
8.883000000000000000e+03
8.851000000000000000e+03
8.820000000000000000e+03
8.789000000000000000e+03
8.760000000000000000e+03
8.730000000000000000e+03
8.701000000000000000e+03
8.674000000000000000e+03
8.647000000000000000e+03
8.620000000000000000e+03
8.594000000000000000e+03
8.569000000000000000e+03
8.545000000000000000e+03
8.521000000000000000e+03
8.500000000000000000e+03
8.500000000000000000e+03
8.500000000000000000e+03
8.500000000000000000e+03
8.500000000000000000e+03
8.500000000000000000e+03
8.500000000000000000e+03
8.500000000000000000e+03
8.500000000000000000e+03
8.500000000000000000e+03
8.500000000000000000e+03
8.500000000000000000e+03
8.500000000000000000e+03
8.500000000000000000e+03
8.500000000000000000e+03
8.500000000000000000e+03
8.500000000000000000e+03
8.500000000000000000e+03
8.500000000000000000e+03
8.500000000000000000e+03
8.500000000000000000e+03
8.500000000000000000e+03
8.500000000000000000e+03
8.500000000000000000e+03
8.500000000000000000e+03
8.500000000000000000e+03
8.500000000000000000e+03
1.976300000000000000e+04
1.913000000000000000e+04
1.764700000000000000e+04
1.677500000000000000e+04
1.615400000000000000e+04
1.567100000000000000e+04
1.527400000000000000e+04
1.493700000000000000e+04
1.464300000000000000e+04
1.438400000000000000e+04
1.415000000000000000e+04
1.393800000000000000e+04
1.374300000000000000e+04
1.356400000000000000e+04
1.339600000000000000e+04
1.324800000000000000e+04
1.315300000000000000e+04
1.306000000000000000e+04
1.297100000000000000e+04
1.288400000000000000e+04
1.280100000000000000e+04
1.272000000000000000e+04
1.264000000000000000e+04
1.256400000000000000e+04
1.248900000000000000e+04
1.241600000000000000e+04
1.234500000000000000e+04
1.227500000000000000e+04
1.220700000000000000e+04
1.214100000000000000e+04
1.207600000000000000e+04
1.201100000000000000e+04
1.194800000000000000e+04
1.188700000000000000e+04
1.182700000000000000e+04
1.176700000000000000e+04
1.170800000000000000e+04
1.165100000000000000e+04
1.159400000000000000e+04
1.153800000000000000e+04
1.148400000000000000e+04
1.142900000000000000e+04
1.137500000000000000e+04
1.132200000000000000e+04
1.127000000000000000e+04
1.121800000000000000e+04
1.116700000000000000e+04
1.111600000000000000e+04
1.106500000000000000e+04
1.101600000000000000e+04
1.096700000000000000e+04
1.091800000000000000e+04
1.086900000000000000e+04
1.082100000000000000e+04
1.077300000000000000e+04
1.072500000000000000e+04
1.067800000000000000e+04
1.063100000000000000e+04
1.058500000000000000e+04
1.053700000000000000e+04
1.049200000000000000e+04
1.044500000000000000e+04
1.039900000000000000e+04
1.035300000000000000e+04
1.030700000000000000e+04
1.026100000000000000e+04
1.021500000000000000e+04
1.017000000000000000e+04
1.012400000000000000e+04
1.007800000000000000e+04
1.003300000000000000e+04
9.987000000000000000e+03
9.944000000000000000e+03
9.900000000000000000e+03
9.856000000000000000e+03
9.813000000000000000e+03
9.771000000000000000e+03
9.729000000000000000e+03
9.687000000000000000e+03
9.647000000000000000e+03
9.606000000000000000e+03
9.565000000000000000e+03
9.525000000000000000e+03
9.485000000000000000e+03
9.446000000000000000e+03
9.407000000000000000e+03
9.368000000000000000e+03
9.329000000000000000e+03
9.289000000000000000e+03
9.251000000000000000e+03
9.213000000000000000e+03
9.174000000000000000e+03
9.136000000000000000e+03
9.098000000000000000e+03
9.059000000000000000e+03
9.020000000000000000e+03
8.982000000000000000e+03
8.942000000000000000e+03
8.901000000000000000e+03
8.859000000000000000e+03
8.817000000000000000e+03
8.776000000000000000e+03
8.738000000000000000e+03
8.699000000000000000e+03
8.661000000000000000e+03
8.624000000000000000e+03
8.589000000000000000e+03
8.553000000000000000e+03
8.519000000000000000e+03
8.485000000000000000e+03
8.453000000000000000e+03
8.420000000000000000e+03
8.389000000000000000e+03
8.358000000000000000e+03
8.328000000000000000e+03
8.299000000000000000e+03
8.270000000000000000e+03
8.242000000000000000e+03
8.215000000000000000e+03
8.189000000000000000e+03
8.163000000000000000e+03
8.137000000000000000e+03
8.113000000000000000e+03
8.089000000000000000e+03
8.065000000000000000e+03
8.058000000000000000e+03
8.058000000000000000e+03
8.058000000000000000e+03
8.058000000000000000e+03
8.058000000000000000e+03
8.058000000000000000e+03
8.058000000000000000e+03
8.058000000000000000e+03
8.058000000000000000e+03
8.058000000000000000e+03
8.058000000000000000e+03
8.058000000000000000e+03
8.058000000000000000e+03
8.058000000000000000e+03
8.058000000000000000e+03
8.058000000000000000e+03
8.058000000000000000e+03
8.058000000000000000e+03
8.058000000000000000e+03
8.058000000000000000e+03
8.058000000000000000e+03
8.058000000000000000e+03
8.058000000000000000e+03
8.058000000000000000e+03
8.058000000000000000e+03
8.058000000000000000e+03
1.965000000000000000e+04
1.877500000000000000e+04
1.729400000000000000e+04
1.642400000000000000e+04
1.580400000000000000e+04
1.532100000000000000e+04
1.492500000000000000e+04
1.458800000000000000e+04
1.429600000000000000e+04
1.403600000000000000e+04
1.380300000000000000e+04
1.359100000000000000e+04
1.339700000000000000e+04
1.321800000000000000e+04
1.305100000000000000e+04
1.289400000000000000e+04
1.278700000000000000e+04
1.269500000000000000e+04
1.260700000000000000e+04
1.252200000000000000e+04
1.243900000000000000e+04
1.235800000000000000e+04
1.228000000000000000e+04
1.220400000000000000e+04
1.213000000000000000e+04
1.205800000000000000e+04
1.198700000000000000e+04
1.191800000000000000e+04
1.185100000000000000e+04
1.178500000000000000e+04
1.172000000000000000e+04
1.165700000000000000e+04
1.159400000000000000e+04
1.153300000000000000e+04
1.147300000000000000e+04
1.141400000000000000e+04
1.135600000000000000e+04
1.129900000000000000e+04
1.124300000000000000e+04
1.118700000000000000e+04
1.113200000000000000e+04
1.107900000000000000e+04
1.102500000000000000e+04
1.097300000000000000e+04
1.092100000000000000e+04
1.086800000000000000e+04
1.081800000000000000e+04
1.076800000000000000e+04
1.071800000000000000e+04
1.066800000000000000e+04
1.061900000000000000e+04
1.057000000000000000e+04
1.052200000000000000e+04
1.047500000000000000e+04
1.042700000000000000e+04
1.038000000000000000e+04
1.033300000000000000e+04
1.028700000000000000e+04
1.023900000000000000e+04
1.019300000000000000e+04
1.014800000000000000e+04
1.010200000000000000e+04
1.005600000000000000e+04
1.001100000000000000e+04
9.965000000000000000e+03
9.920000000000000000e+03
9.874000000000000000e+03
9.829000000000000000e+03
9.782000000000000000e+03
9.737000000000000000e+03
9.692000000000000000e+03
9.647000000000000000e+03
9.603000000000000000e+03
9.559000000000000000e+03
9.516000000000000000e+03
9.473000000000000000e+03
9.431000000000000000e+03
9.389000000000000000e+03
9.348000000000000000e+03
9.307000000000000000e+03
9.267000000000000000e+03
9.226000000000000000e+03
9.186000000000000000e+03
9.147000000000000000e+03
9.107000000000000000e+03
9.068000000000000000e+03
9.029000000000000000e+03
8.990000000000000000e+03
8.952000000000000000e+03
8.913000000000000000e+03
8.875000000000000000e+03
8.837000000000000000e+03
8.798000000000000000e+03
8.760000000000000000e+03
8.722000000000000000e+03
8.684000000000000000e+03
8.645000000000000000e+03
8.606000000000000000e+03
8.566000000000000000e+03
8.524000000000000000e+03
8.483000000000000000e+03
8.442000000000000000e+03
8.403000000000000000e+03
8.364000000000000000e+03
8.326000000000000000e+03
8.289000000000000000e+03
8.253000000000000000e+03
8.218000000000000000e+03
8.183000000000000000e+03
8.150000000000000000e+03
8.117000000000000000e+03
8.084000000000000000e+03
8.053000000000000000e+03
8.022000000000000000e+03
7.992000000000000000e+03
7.962000000000000000e+03
7.934000000000000000e+03
7.906000000000000000e+03
7.879000000000000000e+03
7.851000000000000000e+03
7.825000000000000000e+03
7.800000000000000000e+03
7.775000000000000000e+03
7.751000000000000000e+03
7.727000000000000000e+03
7.712000000000000000e+03
7.712000000000000000e+03
7.712000000000000000e+03
7.712000000000000000e+03
7.712000000000000000e+03
7.712000000000000000e+03
7.712000000000000000e+03
7.712000000000000000e+03
7.712000000000000000e+03
7.712000000000000000e+03
7.712000000000000000e+03
7.712000000000000000e+03
7.712000000000000000e+03
7.712000000000000000e+03
7.712000000000000000e+03
7.712000000000000000e+03
7.712000000000000000e+03
7.712000000000000000e+03
7.712000000000000000e+03
7.712000000000000000e+03
7.712000000000000000e+03
7.712000000000000000e+03
7.712000000000000000e+03
7.712000000000000000e+03
7.712000000000000000e+03
7.712000000000000000e+03
1.955800000000000000e+04
1.848200000000000000e+04
1.700300000000000000e+04
1.613500000000000000e+04
1.551600000000000000e+04
1.503400000000000000e+04
1.463800000000000000e+04
1.430200000000000000e+04
1.401000000000000000e+04
1.375100000000000000e+04
1.351900000000000000e+04
1.330700000000000000e+04
1.311300000000000000e+04
1.293400000000000000e+04
1.276800000000000000e+04
1.261200000000000000e+04
1.248300000000000000e+04
1.239300000000000000e+04
1.230600000000000000e+04
1.222100000000000000e+04
1.213900000000000000e+04
1.206000000000000000e+04
1.198200000000000000e+04
1.190700000000000000e+04
1.183400000000000000e+04
1.176100000000000000e+04
1.169200000000000000e+04
1.162400000000000000e+04
1.155700000000000000e+04
1.149100000000000000e+04
1.142700000000000000e+04
1.136400000000000000e+04
1.130200000000000000e+04
1.124100000000000000e+04
1.118200000000000000e+04
1.112300000000000000e+04
1.106600000000000000e+04
1.101000000000000000e+04
1.095300000000000000e+04
1.089800000000000000e+04
1.084400000000000000e+04
1.079000000000000000e+04
1.073800000000000000e+04
1.068500000000000000e+04
1.063300000000000000e+04
1.058200000000000000e+04
1.053200000000000000e+04
1.048200000000000000e+04
1.043200000000000000e+04
1.038300000000000000e+04
1.033400000000000000e+04
1.028600000000000000e+04
1.023800000000000000e+04
1.019100000000000000e+04
1.014400000000000000e+04
1.009700000000000000e+04
1.005000000000000000e+04
1.000400000000000000e+04
9.958000000000000000e+03
9.912000000000000000e+03
9.867000000000000000e+03
9.820000000000000000e+03
9.775000000000000000e+03
9.730000000000000000e+03
9.685000000000000000e+03
9.639000000000000000e+03
9.594000000000000000e+03
9.549000000000000000e+03
9.504000000000000000e+03
9.459000000000000000e+03
9.414000000000000000e+03
9.369000000000000000e+03
9.325000000000000000e+03
9.281000000000000000e+03
9.238000000000000000e+03
9.196000000000000000e+03
9.154000000000000000e+03
9.112000000000000000e+03
9.071000000000000000e+03
9.030000000000000000e+03
8.989000000000000000e+03
8.949000000000000000e+03
8.909000000000000000e+03
8.870000000000000000e+03
8.831000000000000000e+03
8.792000000000000000e+03
8.753000000000000000e+03
8.714000000000000000e+03
8.676000000000000000e+03
8.638000000000000000e+03
8.599000000000000000e+03
8.561000000000000000e+03
8.523000000000000000e+03
8.486000000000000000e+03
8.447000000000000000e+03
8.410000000000000000e+03
8.371000000000000000e+03
8.332000000000000000e+03
8.293000000000000000e+03
8.253000000000000000e+03
8.211000000000000000e+03
8.170000000000000000e+03
8.130000000000000000e+03
8.092000000000000000e+03
8.053000000000000000e+03
8.017000000000000000e+03
7.980000000000000000e+03
7.945000000000000000e+03
7.911000000000000000e+03
7.876000000000000000e+03
7.843000000000000000e+03
7.811000000000000000e+03
7.779000000000000000e+03
7.748000000000000000e+03
7.718000000000000000e+03
7.689000000000000000e+03
7.659000000000000000e+03
7.632000000000000000e+03
7.604000000000000000e+03
7.577000000000000000e+03
7.551000000000000000e+03
7.525000000000000000e+03
7.500000000000000000e+03
7.476000000000000000e+03
7.452000000000000000e+03
7.429000000000000000e+03
7.427000000000000000e+03
7.427000000000000000e+03
7.427000000000000000e+03
7.427000000000000000e+03
7.427000000000000000e+03
7.427000000000000000e+03
7.427000000000000000e+03
7.427000000000000000e+03
7.427000000000000000e+03
7.427000000000000000e+03
7.427000000000000000e+03
7.427000000000000000e+03
7.427000000000000000e+03
7.427000000000000000e+03
7.427000000000000000e+03
7.427000000000000000e+03
7.427000000000000000e+03
7.427000000000000000e+03
7.427000000000000000e+03
7.427000000000000000e+03
7.427000000000000000e+03
7.427000000000000000e+03
7.427000000000000000e+03
7.427000000000000000e+03
7.427000000000000000e+03
1.948000000000000000e+04
1.823100000000000000e+04
1.675500000000000000e+04
1.588800000000000000e+04
1.527000000000000000e+04
1.478900000000000000e+04
1.439400000000000000e+04
1.405800000000000000e+04
1.376700000000000000e+04
1.350800000000000000e+04
1.327600000000000000e+04
1.306500000000000000e+04
1.287100000000000000e+04
1.269300000000000000e+04
1.252600000000000000e+04
1.237100000000000000e+04
1.222400000000000000e+04
1.213300000000000000e+04
1.204700000000000000e+04
1.196300000000000000e+04
1.188200000000000000e+04
1.180300000000000000e+04
1.172600000000000000e+04
1.165100000000000000e+04
1.157900000000000000e+04
1.150800000000000000e+04
1.143800000000000000e+04
1.137100000000000000e+04
1.130400000000000000e+04
1.124000000000000000e+04
1.117600000000000000e+04
1.111300000000000000e+04
1.105200000000000000e+04
1.099200000000000000e+04
1.093300000000000000e+04
1.087500000000000000e+04
1.081700000000000000e+04
1.076100000000000000e+04
1.070600000000000000e+04
1.065100000000000000e+04
1.059700000000000000e+04
1.054400000000000000e+04
1.049100000000000000e+04
1.044000000000000000e+04
1.038800000000000000e+04
1.033700000000000000e+04
1.028700000000000000e+04
1.023700000000000000e+04
1.018800000000000000e+04
1.013900000000000000e+04
1.009100000000000000e+04
1.004300000000000000e+04
9.996000000000000000e+03
9.949000000000000000e+03
9.902000000000000000e+03
9.855000000000000000e+03
9.809000000000000000e+03
9.763000000000000000e+03
9.717000000000000000e+03
9.672000000000000000e+03
9.626000000000000000e+03
9.581000000000000000e+03
9.536000000000000000e+03
9.491000000000000000e+03
9.446000000000000000e+03
9.401000000000000000e+03
9.357000000000000000e+03
9.312000000000000000e+03
9.268000000000000000e+03
9.222000000000000000e+03
9.177000000000000000e+03
9.133000000000000000e+03
9.089000000000000000e+03
9.045000000000000000e+03
9.002000000000000000e+03
8.960000000000000000e+03
8.918000000000000000e+03
8.877000000000000000e+03
8.836000000000000000e+03
8.794000000000000000e+03
8.754000000000000000e+03
8.714000000000000000e+03
8.674000000000000000e+03
8.635000000000000000e+03
8.596000000000000000e+03
8.557000000000000000e+03
8.518000000000000000e+03
8.480000000000000000e+03
8.442000000000000000e+03
8.404000000000000000e+03
8.366000000000000000e+03
8.327000000000000000e+03
8.290000000000000000e+03
8.253000000000000000e+03
8.215000000000000000e+03
8.177000000000000000e+03
8.139000000000000000e+03
8.100000000000000000e+03
8.061000000000000000e+03
8.022000000000000000e+03
7.981000000000000000e+03
7.940000000000000000e+03
7.900000000000000000e+03
7.861000000000000000e+03
7.823000000000000000e+03
7.786000000000000000e+03
7.749000000000000000e+03
7.714000000000000000e+03
7.679000000000000000e+03
7.645000000000000000e+03
7.612000000000000000e+03
7.579000000000000000e+03
7.547000000000000000e+03
7.516000000000000000e+03
7.486000000000000000e+03
7.457000000000000000e+03
7.427000000000000000e+03
7.399000000000000000e+03
7.371000000000000000e+03
7.344000000000000000e+03
7.318000000000000000e+03
7.292000000000000000e+03
7.267000000000000000e+03
7.242000000000000000e+03
7.219000000000000000e+03
7.196000000000000000e+03
7.185000000000000000e+03
7.185000000000000000e+03
7.185000000000000000e+03
7.185000000000000000e+03
7.185000000000000000e+03
7.185000000000000000e+03
7.185000000000000000e+03
7.185000000000000000e+03
7.185000000000000000e+03
7.185000000000000000e+03
7.185000000000000000e+03
7.185000000000000000e+03
7.185000000000000000e+03
7.185000000000000000e+03
7.185000000000000000e+03
7.185000000000000000e+03
7.185000000000000000e+03
7.185000000000000000e+03
7.185000000000000000e+03
7.185000000000000000e+03
7.185000000000000000e+03
7.185000000000000000e+03
7.185000000000000000e+03
7.185000000000000000e+03
7.185000000000000000e+03
1.941200000000000000e+04
1.801000000000000000e+04
1.653600000000000000e+04
1.567000000000000000e+04
1.505300000000000000e+04
1.457300000000000000e+04
1.417900000000000000e+04
1.384400000000000000e+04
1.355300000000000000e+04
1.329500000000000000e+04
1.306300000000000000e+04
1.285200000000000000e+04
1.265900000000000000e+04
1.248100000000000000e+04
1.231500000000000000e+04
1.215900000000000000e+04
1.201300000000000000e+04
1.190300000000000000e+04
1.181700000000000000e+04
1.173400000000000000e+04
1.165400000000000000e+04
1.157600000000000000e+04
1.150000000000000000e+04
1.142600000000000000e+04
1.135400000000000000e+04
1.128300000000000000e+04
1.121500000000000000e+04
1.114700000000000000e+04
1.108200000000000000e+04
1.101800000000000000e+04
1.095400000000000000e+04
1.089300000000000000e+04
1.083100000000000000e+04
1.077200000000000000e+04
1.071400000000000000e+04
1.065600000000000000e+04
1.059900000000000000e+04
1.054300000000000000e+04
1.048800000000000000e+04
1.043300000000000000e+04
1.038000000000000000e+04
1.032700000000000000e+04
1.027500000000000000e+04
1.022300000000000000e+04
1.017300000000000000e+04
1.012200000000000000e+04
1.007200000000000000e+04
1.002300000000000000e+04
9.974000000000000000e+03
9.926000000000000000e+03
9.878000000000000000e+03
9.830000000000000000e+03
9.783000000000000000e+03
9.736000000000000000e+03
9.690000000000000000e+03
9.644000000000000000e+03
9.598000000000000000e+03
9.552000000000000000e+03
9.507000000000000000e+03
9.461000000000000000e+03
9.416000000000000000e+03
9.371000000000000000e+03
9.327000000000000000e+03
9.282000000000000000e+03
9.238000000000000000e+03
9.193000000000000000e+03
9.149000000000000000e+03
9.104000000000000000e+03
9.060000000000000000e+03
9.015000000000000000e+03
8.971000000000000000e+03
8.927000000000000000e+03
8.883000000000000000e+03
8.839000000000000000e+03
8.797000000000000000e+03
8.754000000000000000e+03
8.712000000000000000e+03
8.670000000000000000e+03
8.629000000000000000e+03
8.589000000000000000e+03
8.549000000000000000e+03
8.508000000000000000e+03
8.469000000000000000e+03
8.429000000000000000e+03
8.391000000000000000e+03
8.352000000000000000e+03
8.314000000000000000e+03
8.275000000000000000e+03
8.237000000000000000e+03
8.199000000000000000e+03
8.162000000000000000e+03
8.124000000000000000e+03
8.086000000000000000e+03
8.049000000000000000e+03
8.012000000000000000e+03
7.974000000000000000e+03
7.937000000000000000e+03
7.899000000000000000e+03
7.860000000000000000e+03
7.821000000000000000e+03
7.781000000000000000e+03
7.740000000000000000e+03
7.699000000000000000e+03
7.660000000000000000e+03
7.622000000000000000e+03
7.584000000000000000e+03
7.548000000000000000e+03
7.513000000000000000e+03
7.477000000000000000e+03
7.443000000000000000e+03
7.410000000000000000e+03
7.378000000000000000e+03
7.346000000000000000e+03
7.314000000000000000e+03
7.284000000000000000e+03
7.254000000000000000e+03
7.225000000000000000e+03
7.196000000000000000e+03
7.169000000000000000e+03
7.141000000000000000e+03
7.115000000000000000e+03
7.089000000000000000e+03
7.064000000000000000e+03
7.039000000000000000e+03
7.015000000000000000e+03
6.992000000000000000e+03
6.971000000000000000e+03
6.971000000000000000e+03
6.971000000000000000e+03
6.971000000000000000e+03
6.971000000000000000e+03
6.971000000000000000e+03
6.971000000000000000e+03
6.971000000000000000e+03
6.971000000000000000e+03
6.971000000000000000e+03
6.971000000000000000e+03
6.971000000000000000e+03
6.971000000000000000e+03
6.971000000000000000e+03
6.971000000000000000e+03
6.971000000000000000e+03
6.971000000000000000e+03
6.971000000000000000e+03
6.971000000000000000e+03
6.971000000000000000e+03
6.971000000000000000e+03
6.971000000000000000e+03
6.971000000000000000e+03
6.971000000000000000e+03
6.971000000000000000e+03
1.935200000000000000e+04
1.781300000000000000e+04
1.634100000000000000e+04
1.547700000000000000e+04
1.486100000000000000e+04
1.438200000000000000e+04
1.398800000000000000e+04
1.365400000000000000e+04
1.336300000000000000e+04
1.310600000000000000e+04
1.287400000000000000e+04
1.266400000000000000e+04
1.247100000000000000e+04
1.229300000000000000e+04
1.212700000000000000e+04
1.197200000000000000e+04
1.182700000000000000e+04
1.169700000000000000e+04
1.161200000000000000e+04
1.153000000000000000e+04
1.145100000000000000e+04
1.137300000000000000e+04
1.129800000000000000e+04
1.122500000000000000e+04
1.115300000000000000e+04
1.108300000000000000e+04
1.101500000000000000e+04
1.094900000000000000e+04
1.088300000000000000e+04
1.082000000000000000e+04
1.075700000000000000e+04
1.069500000000000000e+04
1.063500000000000000e+04
1.057600000000000000e+04
1.051700000000000000e+04
1.046100000000000000e+04
1.040400000000000000e+04
1.034900000000000000e+04
1.029400000000000000e+04
1.024000000000000000e+04
1.018700000000000000e+04
1.013400000000000000e+04
1.008300000000000000e+04
1.003200000000000000e+04
9.981000000000000000e+03
9.931000000000000000e+03
9.882000000000000000e+03
9.833000000000000000e+03
9.784000000000000000e+03
9.736000000000000000e+03
9.688000000000000000e+03
9.642000000000000000e+03
9.594000000000000000e+03
9.548000000000000000e+03
9.501000000000000000e+03
9.456000000000000000e+03
9.411000000000000000e+03
9.365000000000000000e+03
9.319000000000000000e+03
9.274000000000000000e+03
9.230000000000000000e+03
9.185000000000000000e+03
9.141000000000000000e+03
9.096000000000000000e+03
9.053000000000000000e+03
9.008000000000000000e+03
8.964000000000000000e+03
8.921000000000000000e+03
8.877000000000000000e+03
8.832000000000000000e+03
8.788000000000000000e+03
8.744000000000000000e+03
8.700000000000000000e+03
8.657000000000000000e+03
8.614000000000000000e+03
8.572000000000000000e+03
8.530000000000000000e+03
8.489000000000000000e+03
8.448000000000000000e+03
8.408000000000000000e+03
8.367000000000000000e+03
8.327000000000000000e+03
8.288000000000000000e+03
8.249000000000000000e+03
8.210000000000000000e+03
8.171000000000000000e+03
8.133000000000000000e+03
8.094000000000000000e+03
8.057000000000000000e+03
8.019000000000000000e+03
7.981000000000000000e+03
7.944000000000000000e+03
7.907000000000000000e+03
7.870000000000000000e+03
7.832000000000000000e+03
7.795000000000000000e+03
7.757000000000000000e+03
7.720000000000000000e+03
7.682000000000000000e+03
7.643000000000000000e+03
7.604000000000000000e+03
7.563000000000000000e+03
7.523000000000000000e+03
7.483000000000000000e+03
7.445000000000000000e+03
7.407000000000000000e+03
7.371000000000000000e+03
7.335000000000000000e+03
7.300000000000000000e+03
7.266000000000000000e+03
7.233000000000000000e+03
7.200000000000000000e+03
7.168000000000000000e+03
7.137000000000000000e+03
7.106000000000000000e+03
7.076000000000000000e+03
7.046000000000000000e+03
7.018000000000000000e+03
6.990000000000000000e+03
6.963000000000000000e+03
6.936000000000000000e+03
6.910000000000000000e+03
6.884000000000000000e+03
6.860000000000000000e+03
6.835000000000000000e+03
6.812000000000000000e+03
6.790000000000000000e+03
6.783000000000000000e+03
6.783000000000000000e+03
6.783000000000000000e+03
6.783000000000000000e+03
6.783000000000000000e+03
6.783000000000000000e+03
6.783000000000000000e+03
6.783000000000000000e+03
6.783000000000000000e+03
6.783000000000000000e+03
6.783000000000000000e+03
6.783000000000000000e+03
6.783000000000000000e+03
6.783000000000000000e+03
6.783000000000000000e+03
6.783000000000000000e+03
6.783000000000000000e+03
6.783000000000000000e+03
6.783000000000000000e+03
6.783000000000000000e+03
6.783000000000000000e+03
6.783000000000000000e+03
6.783000000000000000e+03
6.783000000000000000e+03
1.929800000000000000e+04
1.763400000000000000e+04
1.616500000000000000e+04
1.530200000000000000e+04
1.468700000000000000e+04
1.420800000000000000e+04
1.381500000000000000e+04
1.348200000000000000e+04
1.319100000000000000e+04
1.293400000000000000e+04
1.270300000000000000e+04
1.249300000000000000e+04
1.230100000000000000e+04
1.212300000000000000e+04
1.195800000000000000e+04
1.180300000000000000e+04
1.165800000000000000e+04
1.152000000000000000e+04
1.142500000000000000e+04
1.134400000000000000e+04
1.126500000000000000e+04
1.118800000000000000e+04
1.111400000000000000e+04
1.104100000000000000e+04
1.097100000000000000e+04
1.090100000000000000e+04
1.083300000000000000e+04
1.076700000000000000e+04
1.070300000000000000e+04
1.064000000000000000e+04
1.057700000000000000e+04
1.051600000000000000e+04
1.045700000000000000e+04
1.039800000000000000e+04
1.034000000000000000e+04
1.028400000000000000e+04
1.022800000000000000e+04
1.017300000000000000e+04
1.011900000000000000e+04
1.006500000000000000e+04
1.001200000000000000e+04
9.960000000000000000e+03
9.908000000000000000e+03
9.858000000000000000e+03
9.808000000000000000e+03
9.758000000000000000e+03
9.709000000000000000e+03
9.660000000000000000e+03
9.612000000000000000e+03
9.565000000000000000e+03
9.517000000000000000e+03
9.471000000000000000e+03
9.424000000000000000e+03
9.377000000000000000e+03
9.331000000000000000e+03
9.286000000000000000e+03
9.241000000000000000e+03
9.196000000000000000e+03
9.151000000000000000e+03
9.106000000000000000e+03
9.062000000000000000e+03
9.018000000000000000e+03
8.974000000000000000e+03
8.930000000000000000e+03
8.886000000000000000e+03
8.842000000000000000e+03
8.798000000000000000e+03
8.754000000000000000e+03
8.710000000000000000e+03
8.667000000000000000e+03
8.623000000000000000e+03
8.580000000000000000e+03
8.535000000000000000e+03
8.493000000000000000e+03
8.450000000000000000e+03
8.408000000000000000e+03
8.367000000000000000e+03
8.325000000000000000e+03
8.284000000000000000e+03
8.244000000000000000e+03
8.204000000000000000e+03
8.164000000000000000e+03
8.124000000000000000e+03
8.086000000000000000e+03
8.047000000000000000e+03
8.009000000000000000e+03
7.970000000000000000e+03
7.932000000000000000e+03
7.895000000000000000e+03
7.857000000000000000e+03
7.820000000000000000e+03
7.782000000000000000e+03
7.745000000000000000e+03
7.708000000000000000e+03
7.671000000000000000e+03
7.634000000000000000e+03
7.597000000000000000e+03
7.559000000000000000e+03
7.522000000000000000e+03
7.484000000000000000e+03
7.445000000000000000e+03
7.405000000000000000e+03
7.365000000000000000e+03
7.325000000000000000e+03
7.287000000000000000e+03
7.249000000000000000e+03
7.212000000000000000e+03
7.176000000000000000e+03
7.141000000000000000e+03
7.107000000000000000e+03
7.073000000000000000e+03
7.040000000000000000e+03
7.008000000000000000e+03
6.977000000000000000e+03
6.946000000000000000e+03
6.916000000000000000e+03
6.886000000000000000e+03
6.857000000000000000e+03
6.830000000000000000e+03
6.802000000000000000e+03
6.775000000000000000e+03
6.749000000000000000e+03
6.724000000000000000e+03
6.699000000000000000e+03
6.674000000000000000e+03
6.650000000000000000e+03
6.628000000000000000e+03
6.612000000000000000e+03
6.612000000000000000e+03
6.612000000000000000e+03
6.612000000000000000e+03
6.612000000000000000e+03
6.612000000000000000e+03
6.612000000000000000e+03
6.612000000000000000e+03
6.612000000000000000e+03
6.612000000000000000e+03
6.612000000000000000e+03
6.612000000000000000e+03
6.612000000000000000e+03
6.612000000000000000e+03
6.612000000000000000e+03
6.612000000000000000e+03
6.612000000000000000e+03
6.612000000000000000e+03
6.612000000000000000e+03
6.612000000000000000e+03
6.612000000000000000e+03
6.612000000000000000e+03
6.612000000000000000e+03
6.612000000000000000e+03
1.925000000000000000e+04
1.747300000000000000e+04
1.600600000000000000e+04
1.514500000000000000e+04
1.453100000000000000e+04
1.405300000000000000e+04
1.366100000000000000e+04
1.332800000000000000e+04
1.303800000000000000e+04
1.278100000000000000e+04
1.255100000000000000e+04
1.234100000000000000e+04
1.214900000000000000e+04
1.197200000000000000e+04
1.180600000000000000e+04
1.165200000000000000e+04
1.150700000000000000e+04
1.137000000000000000e+04
1.125600000000000000e+04
1.117600000000000000e+04
1.109800000000000000e+04
1.102200000000000000e+04
1.094800000000000000e+04
1.087600000000000000e+04
1.080600000000000000e+04
1.073800000000000000e+04
1.067100000000000000e+04
1.060500000000000000e+04
1.054100000000000000e+04
1.047800000000000000e+04
1.041700000000000000e+04
1.035600000000000000e+04
1.029700000000000000e+04
1.023800000000000000e+04
1.018100000000000000e+04
1.012500000000000000e+04
1.006900000000000000e+04
1.001500000000000000e+04
9.961000000000000000e+03
9.908000000000000000e+03
9.856000000000000000e+03
9.804000000000000000e+03
9.753000000000000000e+03
9.702000000000000000e+03
9.652000000000000000e+03
9.603000000000000000e+03
9.554000000000000000e+03
9.506000000000000000e+03
9.458000000000000000e+03
9.411000000000000000e+03
9.364000000000000000e+03
9.318000000000000000e+03
9.271000000000000000e+03
9.225000000000000000e+03
9.180000000000000000e+03
9.134000000000000000e+03
9.090000000000000000e+03
9.044000000000000000e+03
9.000000000000000000e+03
8.956000000000000000e+03
8.912000000000000000e+03
8.868000000000000000e+03
8.824000000000000000e+03
8.781000000000000000e+03
8.737000000000000000e+03
8.693000000000000000e+03
8.650000000000000000e+03
8.607000000000000000e+03
8.563000000000000000e+03
8.520000000000000000e+03
8.476000000000000000e+03
8.433000000000000000e+03
8.389000000000000000e+03
8.346000000000000000e+03
8.304000000000000000e+03
8.262000000000000000e+03
8.220000000000000000e+03
8.179000000000000000e+03
8.139000000000000000e+03
8.099000000000000000e+03
8.059000000000000000e+03
8.019000000000000000e+03
7.979000000000000000e+03
7.941000000000000000e+03
7.902000000000000000e+03
7.864000000000000000e+03
7.825000000000000000e+03
7.788000000000000000e+03
7.750000000000000000e+03
7.713000000000000000e+03
7.676000000000000000e+03
7.638000000000000000e+03
7.602000000000000000e+03
7.565000000000000000e+03
7.527000000000000000e+03
7.491000000000000000e+03
7.454000000000000000e+03
7.417000000000000000e+03
7.380000000000000000e+03
7.342000000000000000e+03
7.304000000000000000e+03
7.265000000000000000e+03
7.224000000000000000e+03
7.184000000000000000e+03
7.146000000000000000e+03
7.108000000000000000e+03
7.071000000000000000e+03
7.035000000000000000e+03
7.000000000000000000e+03
6.965000000000000000e+03
6.932000000000000000e+03
6.898000000000000000e+03
6.866000000000000000e+03
6.834000000000000000e+03
6.804000000000000000e+03
6.774000000000000000e+03
6.744000000000000000e+03
6.715000000000000000e+03
6.687000000000000000e+03
6.659000000000000000e+03
6.633000000000000000e+03
6.606000000000000000e+03
6.580000000000000000e+03
6.555000000000000000e+03
6.530000000000000000e+03
6.507000000000000000e+03
6.484000000000000000e+03
6.462000000000000000e+03
6.459000000000000000e+03
6.459000000000000000e+03
6.459000000000000000e+03
6.459000000000000000e+03
6.459000000000000000e+03
6.459000000000000000e+03
6.459000000000000000e+03
6.459000000000000000e+03
6.459000000000000000e+03
6.459000000000000000e+03
6.459000000000000000e+03
6.459000000000000000e+03
6.459000000000000000e+03
6.459000000000000000e+03
6.459000000000000000e+03
6.459000000000000000e+03
6.459000000000000000e+03
6.459000000000000000e+03
6.459000000000000000e+03
6.459000000000000000e+03
6.459000000000000000e+03
6.459000000000000000e+03
6.459000000000000000e+03
1.920500000000000000e+04
1.732100000000000000e+04
1.585700000000000000e+04
1.499700000000000000e+04
1.438400000000000000e+04
1.390600000000000000e+04
1.351500000000000000e+04
1.318200000000000000e+04
1.289300000000000000e+04
1.263700000000000000e+04
1.240700000000000000e+04
1.219800000000000000e+04
1.200600000000000000e+04
1.182900000000000000e+04
1.166400000000000000e+04
1.151000000000000000e+04
1.136500000000000000e+04
1.122800000000000000e+04
1.109900000000000000e+04
1.101700000000000000e+04
1.094000000000000000e+04
1.086500000000000000e+04
1.079100000000000000e+04
1.072000000000000000e+04
1.065100000000000000e+04
1.058300000000000000e+04
1.051600000000000000e+04
1.045200000000000000e+04
1.038800000000000000e+04
1.032600000000000000e+04
1.026400000000000000e+04
1.020400000000000000e+04
1.014600000000000000e+04
1.008800000000000000e+04
1.003100000000000000e+04
9.975000000000000000e+03
9.920000000000000000e+03
9.866000000000000000e+03
9.812000000000000000e+03
9.760000000000000000e+03
9.708000000000000000e+03
9.656000000000000000e+03
9.605000000000000000e+03
9.555000000000000000e+03
9.506000000000000000e+03
9.457000000000000000e+03
9.409000000000000000e+03
9.361000000000000000e+03
9.313000000000000000e+03
9.266000000000000000e+03
9.219000000000000000e+03
9.173000000000000000e+03
9.127000000000000000e+03
9.082000000000000000e+03
9.036000000000000000e+03
8.991000000000000000e+03
8.947000000000000000e+03
8.903000000000000000e+03
8.858000000000000000e+03
8.815000000000000000e+03
8.771000000000000000e+03
8.727000000000000000e+03
8.683000000000000000e+03
8.640000000000000000e+03
8.597000000000000000e+03
8.554000000000000000e+03
8.511000000000000000e+03
8.467000000000000000e+03
8.425000000000000000e+03
8.382000000000000000e+03
8.339000000000000000e+03
8.295000000000000000e+03
8.252000000000000000e+03
8.209000000000000000e+03
8.167000000000000000e+03
8.125000000000000000e+03
8.083000000000000000e+03
8.043000000000000000e+03
8.002000000000000000e+03
7.962000000000000000e+03
7.922000000000000000e+03
7.882000000000000000e+03
7.843000000000000000e+03
7.805000000000000000e+03
7.766000000000000000e+03
7.728000000000000000e+03
7.690000000000000000e+03
7.653000000000000000e+03
7.615000000000000000e+03
7.577000000000000000e+03
7.540000000000000000e+03
7.503000000000000000e+03
7.467000000000000000e+03
7.430000000000000000e+03
7.394000000000000000e+03
7.357000000000000000e+03
7.320000000000000000e+03
7.284000000000000000e+03
7.246000000000000000e+03
7.210000000000000000e+03
7.172000000000000000e+03
7.133000000000000000e+03
7.093000000000000000e+03
7.053000000000000000e+03
7.015000000000000000e+03
6.976000000000000000e+03
6.940000000000000000e+03
6.903000000000000000e+03
6.868000000000000000e+03
6.833000000000000000e+03
6.799000000000000000e+03
6.766000000000000000e+03
6.733000000000000000e+03
6.702000000000000000e+03
6.671000000000000000e+03
6.640000000000000000e+03
6.611000000000000000e+03
6.582000000000000000e+03
6.553000000000000000e+03
6.526000000000000000e+03
6.498000000000000000e+03
6.472000000000000000e+03
6.447000000000000000e+03
6.422000000000000000e+03
6.397000000000000000e+03
6.373000000000000000e+03
6.349000000000000000e+03
6.327000000000000000e+03
6.315000000000000000e+03
6.315000000000000000e+03
6.315000000000000000e+03
6.315000000000000000e+03
6.315000000000000000e+03
6.315000000000000000e+03
6.315000000000000000e+03
6.315000000000000000e+03
6.315000000000000000e+03
6.315000000000000000e+03
6.315000000000000000e+03
6.315000000000000000e+03
6.315000000000000000e+03
6.315000000000000000e+03
6.315000000000000000e+03
6.315000000000000000e+03
6.315000000000000000e+03
6.315000000000000000e+03
6.315000000000000000e+03
6.315000000000000000e+03
6.315000000000000000e+03
6.315000000000000000e+03
6.315000000000000000e+03
1.916400000000000000e+04
1.718200000000000000e+04
1.571900000000000000e+04
1.486100000000000000e+04
1.424900000000000000e+04
1.377200000000000000e+04
1.338100000000000000e+04
1.305000000000000000e+04
1.276100000000000000e+04
1.250500000000000000e+04
1.227500000000000000e+04
1.206700000000000000e+04
1.187500000000000000e+04
1.169800000000000000e+04
1.153400000000000000e+04
1.138000000000000000e+04
1.123500000000000000e+04
1.109900000000000000e+04
1.097000000000000000e+04
1.087100000000000000e+04
1.079400000000000000e+04
1.072000000000000000e+04
1.064700000000000000e+04
1.057600000000000000e+04
1.050700000000000000e+04
1.044000000000000000e+04
1.037400000000000000e+04
1.031000000000000000e+04
1.024700000000000000e+04
1.018500000000000000e+04
1.012400000000000000e+04
1.006500000000000000e+04
1.000600000000000000e+04
9.949000000000000000e+03
9.892000000000000000e+03
9.838000000000000000e+03
9.782000000000000000e+03
9.728000000000000000e+03
9.676000000000000000e+03
9.624000000000000000e+03
9.572000000000000000e+03
9.521000000000000000e+03
9.471000000000000000e+03
9.421000000000000000e+03
9.372000000000000000e+03
9.323000000000000000e+03
9.275000000000000000e+03
9.227000000000000000e+03
9.180000000000000000e+03
9.134000000000000000e+03
9.087000000000000000e+03
9.041000000000000000e+03
8.995000000000000000e+03
8.950000000000000000e+03
8.905000000000000000e+03
8.861000000000000000e+03
8.817000000000000000e+03
8.772000000000000000e+03
8.728000000000000000e+03
8.685000000000000000e+03
8.641000000000000000e+03
8.598000000000000000e+03
8.555000000000000000e+03
8.512000000000000000e+03
8.469000000000000000e+03
8.427000000000000000e+03
8.383000000000000000e+03
8.341000000000000000e+03
8.298000000000000000e+03
8.256000000000000000e+03
8.213000000000000000e+03
8.170000000000000000e+03
8.127000000000000000e+03
8.084000000000000000e+03
8.042000000000000000e+03
8.000000000000000000e+03
7.959000000000000000e+03
7.918000000000000000e+03
7.877000000000000000e+03
7.838000000000000000e+03
7.798000000000000000e+03
7.758000000000000000e+03
7.719000000000000000e+03
7.681000000000000000e+03
7.642000000000000000e+03
7.604000000000000000e+03
7.566000000000000000e+03
7.529000000000000000e+03
7.491000000000000000e+03
7.454000000000000000e+03
7.418000000000000000e+03
7.381000000000000000e+03
7.344000000000000000e+03
7.308000000000000000e+03
7.271000000000000000e+03
7.235000000000000000e+03
7.198000000000000000e+03
7.162000000000000000e+03
7.125000000000000000e+03
7.089000000000000000e+03
7.051000000000000000e+03
7.013000000000000000e+03
6.974000000000000000e+03
6.934000000000000000e+03
6.895000000000000000e+03
6.857000000000000000e+03
6.820000000000000000e+03
6.783000000000000000e+03
6.748000000000000000e+03
6.713000000000000000e+03
6.679000000000000000e+03
6.646000000000000000e+03
6.613000000000000000e+03
6.581000000000000000e+03
6.550000000000000000e+03
6.520000000000000000e+03
6.490000000000000000e+03
6.461000000000000000e+03
6.432000000000000000e+03
6.405000000000000000e+03
6.377000000000000000e+03
6.351000000000000000e+03
6.324000000000000000e+03
6.299000000000000000e+03
6.274000000000000000e+03
6.250000000000000000e+03
6.227000000000000000e+03
6.204000000000000000e+03
6.184000000000000000e+03
6.184000000000000000e+03
6.184000000000000000e+03
6.184000000000000000e+03
6.184000000000000000e+03
6.184000000000000000e+03
6.184000000000000000e+03
6.184000000000000000e+03
6.184000000000000000e+03
6.184000000000000000e+03
6.184000000000000000e+03
6.184000000000000000e+03
6.184000000000000000e+03
6.184000000000000000e+03
6.184000000000000000e+03
6.184000000000000000e+03
6.184000000000000000e+03
6.184000000000000000e+03
6.184000000000000000e+03
6.184000000000000000e+03
6.184000000000000000e+03
6.184000000000000000e+03
6.184000000000000000e+03
1.912600000000000000e+04
1.705100000000000000e+04
1.559100000000000000e+04
1.473400000000000000e+04
1.412300000000000000e+04
1.364700000000000000e+04
1.325700000000000000e+04
1.292600000000000000e+04
1.263800000000000000e+04
1.238200000000000000e+04
1.215300000000000000e+04
1.194400000000000000e+04
1.175300000000000000e+04
1.157700000000000000e+04
1.141300000000000000e+04
1.125900000000000000e+04
1.111500000000000000e+04
1.097900000000000000e+04
1.084900000000000000e+04
1.073300000000000000e+04
1.065800000000000000e+04
1.058400000000000000e+04
1.051200000000000000e+04
1.044200000000000000e+04
1.037300000000000000e+04
1.030700000000000000e+04
1.024200000000000000e+04
1.017700000000000000e+04
1.011500000000000000e+04
1.005400000000000000e+04
9.994000000000000000e+03
9.934000000000000000e+03
9.877000000000000000e+03
9.820000000000000000e+03
9.764000000000000000e+03
9.709000000000000000e+03
9.655000000000000000e+03
9.601000000000000000e+03
9.549000000000000000e+03
9.497000000000000000e+03
9.445000000000000000e+03
9.395000000000000000e+03
9.344000000000000000e+03
9.295000000000000000e+03
9.247000000000000000e+03
9.198000000000000000e+03
9.150000000000000000e+03
9.103000000000000000e+03
9.057000000000000000e+03
9.010000000000000000e+03
8.964000000000000000e+03
8.918000000000000000e+03
8.873000000000000000e+03
8.828000000000000000e+03
8.784000000000000000e+03
8.739000000000000000e+03
8.695000000000000000e+03
8.651000000000000000e+03
8.608000000000000000e+03
8.564000000000000000e+03
8.521000000000000000e+03
8.478000000000000000e+03
8.435000000000000000e+03
8.392000000000000000e+03
8.350000000000000000e+03
8.308000000000000000e+03
8.266000000000000000e+03
8.223000000000000000e+03
8.181000000000000000e+03
8.138000000000000000e+03
8.096000000000000000e+03
8.054000000000000000e+03
8.011000000000000000e+03
7.968000000000000000e+03
7.926000000000000000e+03
7.884000000000000000e+03
7.843000000000000000e+03
7.802000000000000000e+03
7.762000000000000000e+03
7.722000000000000000e+03
7.682000000000000000e+03
7.643000000000000000e+03
7.604000000000000000e+03
7.565000000000000000e+03
7.527000000000000000e+03
7.490000000000000000e+03
7.452000000000000000e+03
7.415000000000000000e+03
7.377000000000000000e+03
7.341000000000000000e+03
7.304000000000000000e+03
7.267000000000000000e+03
7.230000000000000000e+03
7.194000000000000000e+03
7.158000000000000000e+03
7.122000000000000000e+03
7.086000000000000000e+03
7.049000000000000000e+03
7.013000000000000000e+03
6.976000000000000000e+03
6.940000000000000000e+03
6.902000000000000000e+03
6.864000000000000000e+03
6.824000000000000000e+03
6.785000000000000000e+03
6.747000000000000000e+03
6.709000000000000000e+03
6.673000000000000000e+03
6.637000000000000000e+03
6.602000000000000000e+03
6.568000000000000000e+03
6.535000000000000000e+03
6.502000000000000000e+03
6.470000000000000000e+03
6.439000000000000000e+03
6.408000000000000000e+03
6.378000000000000000e+03
6.349000000000000000e+03
6.320000000000000000e+03
6.292000000000000000e+03
6.265000000000000000e+03
6.238000000000000000e+03
6.212000000000000000e+03
6.187000000000000000e+03
6.162000000000000000e+03
6.138000000000000000e+03
6.114000000000000000e+03
6.091000000000000000e+03
6.068000000000000000e+03
6.061000000000000000e+03
6.061000000000000000e+03
6.061000000000000000e+03
6.061000000000000000e+03
6.061000000000000000e+03
6.061000000000000000e+03
6.061000000000000000e+03
6.061000000000000000e+03
6.061000000000000000e+03
6.061000000000000000e+03
6.061000000000000000e+03
6.061000000000000000e+03
6.061000000000000000e+03
6.061000000000000000e+03
6.061000000000000000e+03
6.061000000000000000e+03
6.061000000000000000e+03
6.061000000000000000e+03
6.061000000000000000e+03
6.061000000000000000e+03
6.061000000000000000e+03
6.061000000000000000e+03
1.909000000000000000e+04
1.692700000000000000e+04
1.546900000000000000e+04
1.461300000000000000e+04
1.400300000000000000e+04
1.352800000000000000e+04
1.313900000000000000e+04
1.280800000000000000e+04
1.252000000000000000e+04
1.226500000000000000e+04
1.203600000000000000e+04
1.182800000000000000e+04
1.163800000000000000e+04
1.146100000000000000e+04
1.129800000000000000e+04
1.114400000000000000e+04
1.100000000000000000e+04
1.086400000000000000e+04
1.073500000000000000e+04
1.061300000000000000e+04
1.052700000000000000e+04
1.045400000000000000e+04
1.038300000000000000e+04
1.031300000000000000e+04
1.024600000000000000e+04
1.017900000000000000e+04
1.011400000000000000e+04
1.005100000000000000e+04
9.989000000000000000e+03
9.928000000000000000e+03
9.869000000000000000e+03
9.810000000000000000e+03
9.753000000000000000e+03
9.696000000000000000e+03
9.641000000000000000e+03
9.586000000000000000e+03
9.532000000000000000e+03
9.479000000000000000e+03
9.427000000000000000e+03
9.375000000000000000e+03
9.325000000000000000e+03
9.274000000000000000e+03
9.225000000000000000e+03
9.176000000000000000e+03
9.128000000000000000e+03
9.079000000000000000e+03
9.032000000000000000e+03
8.985000000000000000e+03
8.938000000000000000e+03
8.892000000000000000e+03
8.847000000000000000e+03
8.801000000000000000e+03
8.756000000000000000e+03
8.712000000000000000e+03
8.668000000000000000e+03
8.623000000000000000e+03
8.580000000000000000e+03
8.537000000000000000e+03
8.493000000000000000e+03
8.450000000000000000e+03
8.407000000000000000e+03
8.364000000000000000e+03
8.322000000000000000e+03
8.280000000000000000e+03
8.237000000000000000e+03
8.195000000000000000e+03
8.153000000000000000e+03
8.111000000000000000e+03
8.069000000000000000e+03
8.027000000000000000e+03
7.985000000000000000e+03
7.943000000000000000e+03
7.901000000000000000e+03
7.858000000000000000e+03
7.816000000000000000e+03
7.775000000000000000e+03
7.734000000000000000e+03
7.693000000000000000e+03
7.652000000000000000e+03
7.613000000000000000e+03
7.573000000000000000e+03
7.534000000000000000e+03
7.495000000000000000e+03
7.457000000000000000e+03
7.419000000000000000e+03
7.381000000000000000e+03
7.343000000000000000e+03
7.306000000000000000e+03
7.269000000000000000e+03
7.233000000000000000e+03
7.196000000000000000e+03
7.159000000000000000e+03
7.123000000000000000e+03
7.087000000000000000e+03
7.050000000000000000e+03
7.014000000000000000e+03
6.979000000000000000e+03
6.943000000000000000e+03
6.907000000000000000e+03
6.870000000000000000e+03
6.834000000000000000e+03
6.797000000000000000e+03
6.760000000000000000e+03
6.720000000000000000e+03
6.680000000000000000e+03
6.643000000000000000e+03
6.605000000000000000e+03
6.568000000000000000e+03
6.533000000000000000e+03
6.497000000000000000e+03
6.463000000000000000e+03
6.430000000000000000e+03
6.397000000000000000e+03
6.365000000000000000e+03
6.334000000000000000e+03
6.303000000000000000e+03
6.273000000000000000e+03
6.243000000000000000e+03
6.215000000000000000e+03
6.186000000000000000e+03
6.159000000000000000e+03
6.132000000000000000e+03
6.106000000000000000e+03
6.080000000000000000e+03
6.055000000000000000e+03
6.030000000000000000e+03
6.007000000000000000e+03
5.984000000000000000e+03
5.961000000000000000e+03
5.945000000000000000e+03
5.945000000000000000e+03
5.945000000000000000e+03
5.945000000000000000e+03
5.945000000000000000e+03
5.945000000000000000e+03
5.945000000000000000e+03
5.945000000000000000e+03
5.945000000000000000e+03
5.945000000000000000e+03
5.945000000000000000e+03
5.945000000000000000e+03
5.945000000000000000e+03
5.945000000000000000e+03
5.945000000000000000e+03
5.945000000000000000e+03
5.945000000000000000e+03
5.945000000000000000e+03
5.945000000000000000e+03
5.945000000000000000e+03
5.945000000000000000e+03
5.945000000000000000e+03
1.905700000000000000e+04
1.681200000000000000e+04
1.535600000000000000e+04
1.450200000000000000e+04
1.389300000000000000e+04
1.341900000000000000e+04
1.303000000000000000e+04
1.270000000000000000e+04
1.241200000000000000e+04
1.215800000000000000e+04
1.192900000000000000e+04
1.172200000000000000e+04
1.153100000000000000e+04
1.135500000000000000e+04
1.119200000000000000e+04
1.103900000000000000e+04
1.089500000000000000e+04
1.075900000000000000e+04
1.063100000000000000e+04
1.050900000000000000e+04
1.040600000000000000e+04
1.033400000000000000e+04
1.026300000000000000e+04
1.019400000000000000e+04
1.012700000000000000e+04
1.006100000000000000e+04
9.997000000000000000e+03
9.934000000000000000e+03
9.873000000000000000e+03
9.813000000000000000e+03
9.754000000000000000e+03
9.696000000000000000e+03
9.638000000000000000e+03
9.582000000000000000e+03
9.527000000000000000e+03
9.473000000000000000e+03
9.419000000000000000e+03
9.367000000000000000e+03
9.315000000000000000e+03
9.264000000000000000e+03
9.213000000000000000e+03
9.164000000000000000e+03
9.114000000000000000e+03
9.066000000000000000e+03
9.018000000000000000e+03
8.970000000000000000e+03
8.922000000000000000e+03
8.876000000000000000e+03
8.830000000000000000e+03
8.784000000000000000e+03
8.739000000000000000e+03
8.694000000000000000e+03
8.649000000000000000e+03
8.604000000000000000e+03
8.561000000000000000e+03
8.517000000000000000e+03
8.474000000000000000e+03
8.430000000000000000e+03
8.387000000000000000e+03
8.345000000000000000e+03
8.302000000000000000e+03
8.260000000000000000e+03
8.218000000000000000e+03
8.176000000000000000e+03
8.134000000000000000e+03
8.092000000000000000e+03
8.050000000000000000e+03
8.008000000000000000e+03
7.966000000000000000e+03
7.925000000000000000e+03
7.883000000000000000e+03
7.841000000000000000e+03
7.800000000000000000e+03
7.758000000000000000e+03
7.715000000000000000e+03
7.674000000000000000e+03
7.633000000000000000e+03
7.593000000000000000e+03
7.553000000000000000e+03
7.512000000000000000e+03
7.473000000000000000e+03
7.434000000000000000e+03
7.396000000000000000e+03
7.357000000000000000e+03
7.319000000000000000e+03
7.282000000000000000e+03
7.244000000000000000e+03
7.207000000000000000e+03
7.170000000000000000e+03
7.133000000000000000e+03
7.097000000000000000e+03
7.061000000000000000e+03
7.025000000000000000e+03
6.988000000000000000e+03
6.953000000000000000e+03
6.917000000000000000e+03
6.881000000000000000e+03
6.846000000000000000e+03
6.809000000000000000e+03
6.773000000000000000e+03
6.737000000000000000e+03
6.701000000000000000e+03
6.664000000000000000e+03
6.625000000000000000e+03
6.585000000000000000e+03
6.548000000000000000e+03
6.509000000000000000e+03
6.473000000000000000e+03
6.437000000000000000e+03
6.402000000000000000e+03
6.367000000000000000e+03
6.334000000000000000e+03
6.301000000000000000e+03
6.269000000000000000e+03
6.237000000000000000e+03
6.207000000000000000e+03
6.176000000000000000e+03
6.147000000000000000e+03
6.118000000000000000e+03
6.090000000000000000e+03
6.062000000000000000e+03
6.035000000000000000e+03
6.008000000000000000e+03
5.983000000000000000e+03
5.958000000000000000e+03
5.933000000000000000e+03
5.909000000000000000e+03
5.886000000000000000e+03
5.863000000000000000e+03
5.842000000000000000e+03
5.838000000000000000e+03
5.838000000000000000e+03
5.838000000000000000e+03
5.838000000000000000e+03
5.838000000000000000e+03
5.838000000000000000e+03
5.838000000000000000e+03
5.838000000000000000e+03
5.838000000000000000e+03
5.838000000000000000e+03
5.838000000000000000e+03
5.838000000000000000e+03
5.838000000000000000e+03
5.838000000000000000e+03
5.838000000000000000e+03
5.838000000000000000e+03
5.838000000000000000e+03
5.838000000000000000e+03
5.838000000000000000e+03
5.838000000000000000e+03
5.838000000000000000e+03
1.902500000000000000e+04
1.669900000000000000e+04
1.524600000000000000e+04
1.439300000000000000e+04
1.378500000000000000e+04
1.331200000000000000e+04
1.292400000000000000e+04
1.259400000000000000e+04
1.230700000000000000e+04
1.205300000000000000e+04
1.182500000000000000e+04
1.161800000000000000e+04
1.142800000000000000e+04
1.125200000000000000e+04
1.108900000000000000e+04
1.093600000000000000e+04
1.079300000000000000e+04
1.065700000000000000e+04
1.052900000000000000e+04
1.040700000000000000e+04
1.029100000000000000e+04
1.021600000000000000e+04
1.014600000000000000e+04
1.007800000000000000e+04
1.001200000000000000e+04
9.946000000000000000e+03
9.883000000000000000e+03
9.821000000000000000e+03
9.760000000000000000e+03
9.699000000000000000e+03
9.641000000000000000e+03
9.583000000000000000e+03
9.527000000000000000e+03
9.471000000000000000e+03
9.417000000000000000e+03
9.362000000000000000e+03
9.310000000000000000e+03
9.257000000000000000e+03
9.206000000000000000e+03
9.155000000000000000e+03
9.104000000000000000e+03
9.055000000000000000e+03
9.007000000000000000e+03
8.958000000000000000e+03
8.910000000000000000e+03
8.863000000000000000e+03
8.816000000000000000e+03
8.770000000000000000e+03
8.724000000000000000e+03
8.678000000000000000e+03
8.633000000000000000e+03
8.589000000000000000e+03
8.544000000000000000e+03
8.500000000000000000e+03
8.457000000000000000e+03
8.413000000000000000e+03
8.370000000000000000e+03
8.328000000000000000e+03
8.285000000000000000e+03
8.243000000000000000e+03
8.200000000000000000e+03
8.158000000000000000e+03
8.116000000000000000e+03
8.075000000000000000e+03
8.033000000000000000e+03
7.991000000000000000e+03
7.950000000000000000e+03
7.909000000000000000e+03
7.867000000000000000e+03
7.825000000000000000e+03
7.784000000000000000e+03
7.743000000000000000e+03
7.701000000000000000e+03
7.660000000000000000e+03
7.618000000000000000e+03
7.576000000000000000e+03
7.535000000000000000e+03
7.495000000000000000e+03
7.455000000000000000e+03
7.415000000000000000e+03
7.376000000000000000e+03
7.337000000000000000e+03
7.298000000000000000e+03
7.261000000000000000e+03
7.223000000000000000e+03
7.185000000000000000e+03
7.148000000000000000e+03
7.111000000000000000e+03
7.074000000000000000e+03
7.037000000000000000e+03
7.001000000000000000e+03
6.965000000000000000e+03
6.929000000000000000e+03
6.893000000000000000e+03
6.857000000000000000e+03
6.821000000000000000e+03
6.786000000000000000e+03
6.750000000000000000e+03
6.715000000000000000e+03
6.680000000000000000e+03
6.643000000000000000e+03
6.607000000000000000e+03
6.570000000000000000e+03
6.533000000000000000e+03
6.494000000000000000e+03
6.456000000000000000e+03
6.418000000000000000e+03
6.381000000000000000e+03
6.345000000000000000e+03
6.309000000000000000e+03
6.275000000000000000e+03
6.242000000000000000e+03
6.209000000000000000e+03
6.176000000000000000e+03
6.144000000000000000e+03
6.114000000000000000e+03
6.083000000000000000e+03
6.053000000000000000e+03
6.024000000000000000e+03
5.996000000000000000e+03
5.968000000000000000e+03
5.941000000000000000e+03
5.915000000000000000e+03
5.889000000000000000e+03
5.863000000000000000e+03
5.838000000000000000e+03
5.814000000000000000e+03
5.791000000000000000e+03
5.768000000000000000e+03
5.746000000000000000e+03
5.734000000000000000e+03
5.734000000000000000e+03
5.734000000000000000e+03
5.734000000000000000e+03
5.734000000000000000e+03
5.734000000000000000e+03
5.734000000000000000e+03
5.734000000000000000e+03
5.734000000000000000e+03
5.734000000000000000e+03
5.734000000000000000e+03
5.734000000000000000e+03
5.734000000000000000e+03
5.734000000000000000e+03
5.734000000000000000e+03
5.734000000000000000e+03
5.734000000000000000e+03
5.734000000000000000e+03
5.734000000000000000e+03
5.734000000000000000e+03
5.734000000000000000e+03
1.899500000000000000e+04
1.659300000000000000e+04
1.514300000000000000e+04
1.429100000000000000e+04
1.368400000000000000e+04
1.321100000000000000e+04
1.282400000000000000e+04
1.249500000000000000e+04
1.220800000000000000e+04
1.195500000000000000e+04
1.172700000000000000e+04
1.152000000000000000e+04
1.133000000000000000e+04
1.115500000000000000e+04
1.099200000000000000e+04
1.084000000000000000e+04
1.069600000000000000e+04
1.056100000000000000e+04
1.043300000000000000e+04
1.031100000000000000e+04
1.019500000000000000e+04
1.010500000000000000e+04
1.003500000000000000e+04
9.968000000000000000e+03
9.902000000000000000e+03
9.838000000000000000e+03
9.774000000000000000e+03
9.713000000000000000e+03
9.652000000000000000e+03
9.593000000000000000e+03
9.534000000000000000e+03
9.478000000000000000e+03
9.421000000000000000e+03
9.366000000000000000e+03
9.312000000000000000e+03
9.258000000000000000e+03
9.206000000000000000e+03
9.154000000000000000e+03
9.103000000000000000e+03
9.052000000000000000e+03
9.002000000000000000e+03
8.953000000000000000e+03
8.904000000000000000e+03
8.857000000000000000e+03
8.809000000000000000e+03
8.762000000000000000e+03
8.716000000000000000e+03
8.670000000000000000e+03
8.624000000000000000e+03
8.580000000000000000e+03
8.535000000000000000e+03
8.491000000000000000e+03
8.446000000000000000e+03
8.402000000000000000e+03
8.359000000000000000e+03
8.316000000000000000e+03
8.273000000000000000e+03
8.230000000000000000e+03
8.188000000000000000e+03
8.146000000000000000e+03
8.104000000000000000e+03
8.062000000000000000e+03
8.021000000000000000e+03
7.979000000000000000e+03
7.938000000000000000e+03
7.896000000000000000e+03
7.855000000000000000e+03
7.814000000000000000e+03
7.773000000000000000e+03
7.733000000000000000e+03
7.691000000000000000e+03
7.650000000000000000e+03
7.609000000000000000e+03
7.568000000000000000e+03
7.527000000000000000e+03
7.485000000000000000e+03
7.444000000000000000e+03
7.404000000000000000e+03
7.364000000000000000e+03
7.325000000000000000e+03
7.285000000000000000e+03
7.247000000000000000e+03
7.208000000000000000e+03
7.170000000000000000e+03
7.132000000000000000e+03
7.094000000000000000e+03
7.057000000000000000e+03
7.021000000000000000e+03
6.984000000000000000e+03
6.947000000000000000e+03
6.912000000000000000e+03
6.875000000000000000e+03
6.839000000000000000e+03
6.804000000000000000e+03
6.769000000000000000e+03
6.733000000000000000e+03
6.698000000000000000e+03
6.662000000000000000e+03
6.627000000000000000e+03
6.591000000000000000e+03
6.556000000000000000e+03
6.520000000000000000e+03
6.484000000000000000e+03
6.447000000000000000e+03
6.408000000000000000e+03
6.370000000000000000e+03
6.332000000000000000e+03
6.295000000000000000e+03
6.258000000000000000e+03
6.223000000000000000e+03
6.189000000000000000e+03
6.155000000000000000e+03
6.122000000000000000e+03
6.089000000000000000e+03
6.057000000000000000e+03
6.026000000000000000e+03
5.996000000000000000e+03
5.966000000000000000e+03
5.937000000000000000e+03
5.908000000000000000e+03
5.881000000000000000e+03
5.853000000000000000e+03
5.827000000000000000e+03
5.800000000000000000e+03
5.775000000000000000e+03
5.751000000000000000e+03
5.726000000000000000e+03
5.702000000000000000e+03
5.679000000000000000e+03
5.657000000000000000e+03
5.637000000000000000e+03
5.637000000000000000e+03
5.637000000000000000e+03
5.637000000000000000e+03
5.637000000000000000e+03
5.637000000000000000e+03
5.637000000000000000e+03
5.637000000000000000e+03
5.637000000000000000e+03
5.637000000000000000e+03
5.637000000000000000e+03
5.637000000000000000e+03
5.637000000000000000e+03
5.637000000000000000e+03
5.637000000000000000e+03
5.637000000000000000e+03
5.637000000000000000e+03
5.637000000000000000e+03
5.637000000000000000e+03
5.637000000000000000e+03
5.637000000000000000e+03
1.896700000000000000e+04
1.649400000000000000e+04
1.504500000000000000e+04
1.419500000000000000e+04
1.358900000000000000e+04
1.311700000000000000e+04
1.273000000000000000e+04
1.240100000000000000e+04
1.211600000000000000e+04
1.186200000000000000e+04
1.163500000000000000e+04
1.142900000000000000e+04
1.123900000000000000e+04
1.106400000000000000e+04
1.090100000000000000e+04
1.074900000000000000e+04
1.060600000000000000e+04
1.047100000000000000e+04
1.034400000000000000e+04
1.022200000000000000e+04
1.010600000000000000e+04
1.000000000000000000e+04
9.931000000000000000e+03
9.864000000000000000e+03
9.799000000000000000e+03
9.735000000000000000e+03
9.672000000000000000e+03
9.611000000000000000e+03
9.551000000000000000e+03
9.492000000000000000e+03
9.434000000000000000e+03
9.378000000000000000e+03
9.322000000000000000e+03
9.267000000000000000e+03
9.214000000000000000e+03
9.160000000000000000e+03
9.108000000000000000e+03
9.057000000000000000e+03
9.006000000000000000e+03
8.956000000000000000e+03
8.907000000000000000e+03
8.858000000000000000e+03
8.809000000000000000e+03
8.762000000000000000e+03
8.714000000000000000e+03
8.668000000000000000e+03
8.622000000000000000e+03
8.576000000000000000e+03
8.531000000000000000e+03
8.486000000000000000e+03
8.442000000000000000e+03
8.398000000000000000e+03
8.354000000000000000e+03
8.311000000000000000e+03
8.268000000000000000e+03
8.225000000000000000e+03
8.182000000000000000e+03
8.140000000000000000e+03
8.098000000000000000e+03
8.056000000000000000e+03
8.014000000000000000e+03
7.973000000000000000e+03
7.932000000000000000e+03
7.890000000000000000e+03
7.850000000000000000e+03
7.809000000000000000e+03
7.768000000000000000e+03
7.727000000000000000e+03
7.686000000000000000e+03
7.645000000000000000e+03
7.604000000000000000e+03
7.564000000000000000e+03
7.523000000000000000e+03
7.482000000000000000e+03
7.441000000000000000e+03
7.400000000000000000e+03
7.359000000000000000e+03
7.319000000000000000e+03
7.279000000000000000e+03
7.239000000000000000e+03
7.201000000000000000e+03
7.162000000000000000e+03
7.124000000000000000e+03
7.086000000000000000e+03
7.048000000000000000e+03
7.010000000000000000e+03
6.973000000000000000e+03
6.937000000000000000e+03
6.901000000000000000e+03
6.864000000000000000e+03
6.828000000000000000e+03
6.792000000000000000e+03
6.757000000000000000e+03
6.721000000000000000e+03
6.685000000000000000e+03
6.650000000000000000e+03
6.615000000000000000e+03
6.579000000000000000e+03
6.544000000000000000e+03
6.509000000000000000e+03
6.474000000000000000e+03
6.439000000000000000e+03
6.403000000000000000e+03
6.367000000000000000e+03
6.329000000000000000e+03
6.291000000000000000e+03
6.252000000000000000e+03
6.215000000000000000e+03
6.178000000000000000e+03
6.143000000000000000e+03
6.109000000000000000e+03
6.075000000000000000e+03
6.041000000000000000e+03
6.008000000000000000e+03
5.976000000000000000e+03
5.945000000000000000e+03
5.915000000000000000e+03
5.885000000000000000e+03
5.856000000000000000e+03
5.827000000000000000e+03
5.799000000000000000e+03
5.772000000000000000e+03
5.745000000000000000e+03
5.719000000000000000e+03
5.693000000000000000e+03
5.669000000000000000e+03
5.644000000000000000e+03
5.620000000000000000e+03
5.597000000000000000e+03
5.574000000000000000e+03
5.552000000000000000e+03
5.544000000000000000e+03
5.544000000000000000e+03
5.544000000000000000e+03
5.544000000000000000e+03
5.544000000000000000e+03
5.544000000000000000e+03
5.544000000000000000e+03
5.544000000000000000e+03
5.544000000000000000e+03
5.544000000000000000e+03
5.544000000000000000e+03
5.544000000000000000e+03
5.544000000000000000e+03
5.544000000000000000e+03
5.544000000000000000e+03
5.544000000000000000e+03
5.544000000000000000e+03
5.544000000000000000e+03
5.544000000000000000e+03
5.544000000000000000e+03
1.894100000000000000e+04
1.640000000000000000e+04
1.495400000000000000e+04
1.410500000000000000e+04
1.350000000000000000e+04
1.302900000000000000e+04
1.264300000000000000e+04
1.231500000000000000e+04
1.202900000000000000e+04
1.177700000000000000e+04
1.155000000000000000e+04
1.134300000000000000e+04
1.115400000000000000e+04
1.098000000000000000e+04
1.081700000000000000e+04
1.066500000000000000e+04
1.052300000000000000e+04
1.038800000000000000e+04
1.026000000000000000e+04
1.013900000000000000e+04
1.002400000000000000e+04
9.913000000000000000e+03
9.833000000000000000e+03
9.767000000000000000e+03
9.702000000000000000e+03
9.639000000000000000e+03
9.577000000000000000e+03
9.517000000000000000e+03
9.456000000000000000e+03
9.399000000000000000e+03
9.341000000000000000e+03
9.285000000000000000e+03
9.229000000000000000e+03
9.175000000000000000e+03
9.122000000000000000e+03
9.069000000000000000e+03
9.017000000000000000e+03
8.966000000000000000e+03
8.916000000000000000e+03
8.866000000000000000e+03
8.817000000000000000e+03
8.768000000000000000e+03
8.721000000000000000e+03
8.673000000000000000e+03
8.627000000000000000e+03
8.580000000000000000e+03
8.534000000000000000e+03
8.489000000000000000e+03
8.444000000000000000e+03
8.399000000000000000e+03
8.355000000000000000e+03
8.312000000000000000e+03
8.268000000000000000e+03
8.225000000000000000e+03
8.182000000000000000e+03
8.140000000000000000e+03
8.097000000000000000e+03
8.056000000000000000e+03
8.013000000000000000e+03
7.972000000000000000e+03
7.931000000000000000e+03
7.889000000000000000e+03
7.848000000000000000e+03
7.808000000000000000e+03
7.767000000000000000e+03
7.726000000000000000e+03
7.685000000000000000e+03
7.645000000000000000e+03
7.604000000000000000e+03
7.564000000000000000e+03
7.524000000000000000e+03
7.484000000000000000e+03
7.443000000000000000e+03
7.403000000000000000e+03
7.361000000000000000e+03
7.321000000000000000e+03
7.280000000000000000e+03
7.240000000000000000e+03
7.200000000000000000e+03
7.161000000000000000e+03
7.122000000000000000e+03
7.083000000000000000e+03
7.045000000000000000e+03
7.007000000000000000e+03
6.970000000000000000e+03
6.932000000000000000e+03
6.895000000000000000e+03
6.859000000000000000e+03
6.822000000000000000e+03
6.787000000000000000e+03
6.750000000000000000e+03
6.715000000000000000e+03
6.679000000000000000e+03
6.644000000000000000e+03
6.609000000000000000e+03
6.573000000000000000e+03
6.538000000000000000e+03
6.503000000000000000e+03
6.468000000000000000e+03
6.433000000000000000e+03
6.398000000000000000e+03
6.363000000000000000e+03
6.327000000000000000e+03
6.292000000000000000e+03
6.255000000000000000e+03
6.217000000000000000e+03
6.178000000000000000e+03
6.142000000000000000e+03
6.105000000000000000e+03
6.069000000000000000e+03
6.034000000000000000e+03
6.000000000000000000e+03
5.967000000000000000e+03
5.934000000000000000e+03
5.902000000000000000e+03
5.871000000000000000e+03
5.840000000000000000e+03
5.810000000000000000e+03
5.781000000000000000e+03
5.752000000000000000e+03
5.724000000000000000e+03
5.696000000000000000e+03
5.669000000000000000e+03
5.643000000000000000e+03
5.618000000000000000e+03
5.592000000000000000e+03
5.567000000000000000e+03
5.543000000000000000e+03
5.521000000000000000e+03
5.498000000000000000e+03
5.475000000000000000e+03
5.459000000000000000e+03
5.459000000000000000e+03
5.459000000000000000e+03
5.459000000000000000e+03
5.459000000000000000e+03
5.459000000000000000e+03
5.459000000000000000e+03
5.459000000000000000e+03
5.459000000000000000e+03
5.459000000000000000e+03
5.459000000000000000e+03
5.459000000000000000e+03
5.459000000000000000e+03
5.459000000000000000e+03
5.459000000000000000e+03
5.459000000000000000e+03
5.459000000000000000e+03
5.459000000000000000e+03
5.459000000000000000e+03
5.459000000000000000e+03
1.891500000000000000e+04
1.630700000000000000e+04
1.486300000000000000e+04
1.401500000000000000e+04
1.341100000000000000e+04
1.294100000000000000e+04
1.255500000000000000e+04
1.222800000000000000e+04
1.194300000000000000e+04
1.169000000000000000e+04
1.146400000000000000e+04
1.125800000000000000e+04
1.106900000000000000e+04
1.089500000000000000e+04
1.073300000000000000e+04
1.058100000000000000e+04
1.043900000000000000e+04
1.030400000000000000e+04
1.017700000000000000e+04
1.005600000000000000e+04
9.941000000000000000e+03
9.830000000000000000e+03
9.736000000000000000e+03
9.670000000000000000e+03
9.606000000000000000e+03
9.543000000000000000e+03
9.481000000000000000e+03
9.421000000000000000e+03
9.362000000000000000e+03
9.304000000000000000e+03
9.247000000000000000e+03
9.191000000000000000e+03
9.137000000000000000e+03
9.083000000000000000e+03
9.029000000000000000e+03
8.977000000000000000e+03
8.926000000000000000e+03
8.875000000000000000e+03
8.825000000000000000e+03
8.776000000000000000e+03
8.727000000000000000e+03
8.679000000000000000e+03
8.631000000000000000e+03
8.585000000000000000e+03
8.537000000000000000e+03
8.492000000000000000e+03
8.446000000000000000e+03
8.401000000000000000e+03
8.356000000000000000e+03
8.312000000000000000e+03
8.269000000000000000e+03
8.225000000000000000e+03
8.182000000000000000e+03
8.139000000000000000e+03
8.097000000000000000e+03
8.055000000000000000e+03
8.013000000000000000e+03
7.970000000000000000e+03
7.929000000000000000e+03
7.888000000000000000e+03
7.847000000000000000e+03
7.806000000000000000e+03
7.765000000000000000e+03
7.725000000000000000e+03
7.684000000000000000e+03
7.644000000000000000e+03
7.604000000000000000e+03
7.563000000000000000e+03
7.523000000000000000e+03
7.483000000000000000e+03
7.443000000000000000e+03
7.402000000000000000e+03
7.363000000000000000e+03
7.322000000000000000e+03
7.282000000000000000e+03
7.241000000000000000e+03
7.201000000000000000e+03
7.161000000000000000e+03
7.121000000000000000e+03
7.082000000000000000e+03
7.043000000000000000e+03
7.005000000000000000e+03
6.967000000000000000e+03
6.929000000000000000e+03
6.892000000000000000e+03
6.854000000000000000e+03
6.818000000000000000e+03
6.781000000000000000e+03
6.745000000000000000e+03
6.709000000000000000e+03
6.673000000000000000e+03
6.637000000000000000e+03
6.602000000000000000e+03
6.567000000000000000e+03
6.531000000000000000e+03
6.496000000000000000e+03
6.462000000000000000e+03
6.427000000000000000e+03
6.392000000000000000e+03
6.358000000000000000e+03
6.322000000000000000e+03
6.287000000000000000e+03
6.253000000000000000e+03
6.217000000000000000e+03
6.181000000000000000e+03
6.144000000000000000e+03
6.105000000000000000e+03
6.068000000000000000e+03
6.031000000000000000e+03
5.996000000000000000e+03
5.961000000000000000e+03
5.927000000000000000e+03
5.893000000000000000e+03
5.860000000000000000e+03
5.827000000000000000e+03
5.796000000000000000e+03
5.765000000000000000e+03
5.736000000000000000e+03
5.706000000000000000e+03
5.677000000000000000e+03
5.649000000000000000e+03
5.622000000000000000e+03
5.594000000000000000e+03
5.568000000000000000e+03
5.542000000000000000e+03
5.517000000000000000e+03
5.492000000000000000e+03
5.468000000000000000e+03
5.444000000000000000e+03
5.421000000000000000e+03
5.399000000000000000e+03
5.378000000000000000e+03
5.374000000000000000e+03
5.374000000000000000e+03
5.374000000000000000e+03
5.374000000000000000e+03
5.374000000000000000e+03
5.374000000000000000e+03
5.374000000000000000e+03
5.374000000000000000e+03
5.374000000000000000e+03
5.374000000000000000e+03
5.374000000000000000e+03
5.374000000000000000e+03
5.374000000000000000e+03
5.374000000000000000e+03
5.374000000000000000e+03
5.374000000000000000e+03
5.374000000000000000e+03
5.374000000000000000e+03
5.374000000000000000e+03
1.889100000000000000e+04
1.622000000000000000e+04
1.477800000000000000e+04
1.393200000000000000e+04
1.332900000000000000e+04
1.285900000000000000e+04
1.247400000000000000e+04
1.214700000000000000e+04
1.186300000000000000e+04
1.161100000000000000e+04
1.138400000000000000e+04
1.117900000000000000e+04
1.099100000000000000e+04
1.081700000000000000e+04
1.065500000000000000e+04
1.050300000000000000e+04
1.036100000000000000e+04
1.022700000000000000e+04
1.010000000000000000e+04
9.979000000000000000e+03
9.864000000000000000e+03
9.754000000000000000e+03
9.649000000000000000e+03
9.579000000000000000e+03
9.515000000000000000e+03
9.453000000000000000e+03
9.392000000000000000e+03
9.332000000000000000e+03
9.274000000000000000e+03
9.216000000000000000e+03
9.160000000000000000e+03
9.104000000000000000e+03
9.050000000000000000e+03
8.996000000000000000e+03
8.943000000000000000e+03
8.892000000000000000e+03
8.841000000000000000e+03
8.790000000000000000e+03
8.741000000000000000e+03
8.691000000000000000e+03
8.643000000000000000e+03
8.595000000000000000e+03
8.548000000000000000e+03
8.502000000000000000e+03
8.456000000000000000e+03
8.410000000000000000e+03
8.365000000000000000e+03
8.320000000000000000e+03
8.276000000000000000e+03
8.232000000000000000e+03
8.188000000000000000e+03
8.145000000000000000e+03
8.102000000000000000e+03
8.060000000000000000e+03
8.017000000000000000e+03
7.975000000000000000e+03
7.933000000000000000e+03
7.892000000000000000e+03
7.851000000000000000e+03
7.810000000000000000e+03
7.769000000000000000e+03
7.728000000000000000e+03
7.688000000000000000e+03
7.648000000000000000e+03
7.608000000000000000e+03
7.568000000000000000e+03
7.527000000000000000e+03
7.488000000000000000e+03
7.448000000000000000e+03
7.408000000000000000e+03
7.368000000000000000e+03
7.328000000000000000e+03
7.289000000000000000e+03
7.249000000000000000e+03
7.209000000000000000e+03
7.169000000000000000e+03
7.128000000000000000e+03
7.088000000000000000e+03
7.048000000000000000e+03
7.009000000000000000e+03
6.970000000000000000e+03
6.932000000000000000e+03
6.895000000000000000e+03
6.857000000000000000e+03
6.820000000000000000e+03
6.783000000000000000e+03
6.746000000000000000e+03
6.709000000000000000e+03
6.673000000000000000e+03
6.637000000000000000e+03
6.602000000000000000e+03
6.566000000000000000e+03
6.531000000000000000e+03
6.495000000000000000e+03
6.461000000000000000e+03
6.426000000000000000e+03
6.391000000000000000e+03
6.356000000000000000e+03
6.322000000000000000e+03
6.287000000000000000e+03
6.253000000000000000e+03
6.218000000000000000e+03
6.183000000000000000e+03
6.148000000000000000e+03
6.112000000000000000e+03
6.076000000000000000e+03
6.038000000000000000e+03
6.001000000000000000e+03
5.964000000000000000e+03
5.928000000000000000e+03
5.893000000000000000e+03
5.859000000000000000e+03
5.825000000000000000e+03
5.792000000000000000e+03
5.759000000000000000e+03
5.728000000000000000e+03
5.697000000000000000e+03
5.667000000000000000e+03
5.637000000000000000e+03
5.608000000000000000e+03
5.580000000000000000e+03
5.552000000000000000e+03
5.525000000000000000e+03
5.499000000000000000e+03
5.472000000000000000e+03
5.447000000000000000e+03
5.423000000000000000e+03
5.398000000000000000e+03
5.375000000000000000e+03
5.351000000000000000e+03
5.329000000000000000e+03
5.307000000000000000e+03
5.294000000000000000e+03
5.294000000000000000e+03
5.294000000000000000e+03
5.294000000000000000e+03
5.294000000000000000e+03
5.294000000000000000e+03
5.294000000000000000e+03
5.294000000000000000e+03
5.294000000000000000e+03
5.294000000000000000e+03
5.294000000000000000e+03
5.294000000000000000e+03
5.294000000000000000e+03
5.294000000000000000e+03
5.294000000000000000e+03
5.294000000000000000e+03
5.294000000000000000e+03
5.294000000000000000e+03
5.294000000000000000e+03
1.886700000000000000e+04
1.613200000000000000e+04
1.469300000000000000e+04
1.384800000000000000e+04
1.324600000000000000e+04
1.277700000000000000e+04
1.239200000000000000e+04
1.206600000000000000e+04
1.178200000000000000e+04
1.153100000000000000e+04
1.130500000000000000e+04
1.110000000000000000e+04
1.091200000000000000e+04
1.073800000000000000e+04
1.057600000000000000e+04
1.042500000000000000e+04
1.028300000000000000e+04
1.015000000000000000e+04
1.002300000000000000e+04
9.902000000000000000e+03
9.787000000000000000e+03
9.678000000000000000e+03
9.572000000000000000e+03
9.471000000000000000e+03
9.424000000000000000e+03
9.363000000000000000e+03
9.302000000000000000e+03
9.243000000000000000e+03
9.185000000000000000e+03
9.128000000000000000e+03
9.072000000000000000e+03
9.017000000000000000e+03
8.963000000000000000e+03
8.910000000000000000e+03
8.857000000000000000e+03
8.806000000000000000e+03
8.756000000000000000e+03
8.705000000000000000e+03
8.656000000000000000e+03
8.607000000000000000e+03
8.559000000000000000e+03
8.512000000000000000e+03
8.465000000000000000e+03
8.418000000000000000e+03
8.373000000000000000e+03
8.328000000000000000e+03
8.283000000000000000e+03
8.238000000000000000e+03
8.194000000000000000e+03
8.150000000000000000e+03
8.107000000000000000e+03
8.065000000000000000e+03
8.022000000000000000e+03
7.980000000000000000e+03
7.938000000000000000e+03
7.897000000000000000e+03
7.855000000000000000e+03
7.814000000000000000e+03
7.772000000000000000e+03
7.732000000000000000e+03
7.691000000000000000e+03
7.651000000000000000e+03
7.611000000000000000e+03
7.571000000000000000e+03
7.531000000000000000e+03
7.491000000000000000e+03
7.452000000000000000e+03
7.412000000000000000e+03
7.372000000000000000e+03
7.333000000000000000e+03
7.293000000000000000e+03
7.254000000000000000e+03
7.215000000000000000e+03
7.175000000000000000e+03
7.135000000000000000e+03
7.095000000000000000e+03
7.056000000000000000e+03
7.015000000000000000e+03
6.976000000000000000e+03
6.937000000000000000e+03
6.899000000000000000e+03
6.860000000000000000e+03
6.822000000000000000e+03
6.785000000000000000e+03
6.747000000000000000e+03
6.711000000000000000e+03
6.674000000000000000e+03
6.638000000000000000e+03
6.602000000000000000e+03
6.566000000000000000e+03
6.531000000000000000e+03
6.495000000000000000e+03
6.460000000000000000e+03
6.425000000000000000e+03
6.390000000000000000e+03
6.355000000000000000e+03
6.321000000000000000e+03
6.287000000000000000e+03
6.252000000000000000e+03
6.218000000000000000e+03
6.183000000000000000e+03
6.149000000000000000e+03
6.115000000000000000e+03
6.079000000000000000e+03
6.044000000000000000e+03
6.009000000000000000e+03
5.971000000000000000e+03
5.934000000000000000e+03
5.896000000000000000e+03
5.861000000000000000e+03
5.826000000000000000e+03
5.791000000000000000e+03
5.757000000000000000e+03
5.724000000000000000e+03
5.691000000000000000e+03
5.660000000000000000e+03
5.629000000000000000e+03
5.598000000000000000e+03
5.569000000000000000e+03
5.540000000000000000e+03
5.511000000000000000e+03
5.483000000000000000e+03
5.456000000000000000e+03
5.429000000000000000e+03
5.403000000000000000e+03
5.378000000000000000e+03
5.352000000000000000e+03
5.328000000000000000e+03
5.304000000000000000e+03
5.281000000000000000e+03
5.259000000000000000e+03
5.237000000000000000e+03
5.216000000000000000e+03
5.215000000000000000e+03
5.215000000000000000e+03
5.215000000000000000e+03
5.215000000000000000e+03
5.215000000000000000e+03
5.215000000000000000e+03
5.215000000000000000e+03
5.215000000000000000e+03
5.215000000000000000e+03
5.215000000000000000e+03
5.215000000000000000e+03
5.215000000000000000e+03
5.215000000000000000e+03
5.215000000000000000e+03
5.215000000000000000e+03
5.215000000000000000e+03
5.215000000000000000e+03
5.215000000000000000e+03
1.884500000000000000e+04
1.605200000000000000e+04
1.461400000000000000e+04
1.377100000000000000e+04
1.316900000000000000e+04
1.270100000000000000e+04
1.231700000000000000e+04
1.199200000000000000e+04
1.170800000000000000e+04
1.145700000000000000e+04
1.123200000000000000e+04
1.102700000000000000e+04
1.083900000000000000e+04
1.066600000000000000e+04
1.050500000000000000e+04
1.035400000000000000e+04
1.021200000000000000e+04
1.007800000000000000e+04
9.952000000000000000e+03
9.832000000000000000e+03
9.717000000000000000e+03
9.607000000000000000e+03
9.502000000000000000e+03
9.402000000000000000e+03
9.305000000000000000e+03
9.279000000000000000e+03
9.219000000000000000e+03
9.161000000000000000e+03
9.103000000000000000e+03
9.046000000000000000e+03
8.991000000000000000e+03
8.936000000000000000e+03
8.883000000000000000e+03
8.830000000000000000e+03
8.778000000000000000e+03
8.727000000000000000e+03
8.677000000000000000e+03
8.627000000000000000e+03
8.578000000000000000e+03
8.530000000000000000e+03
8.482000000000000000e+03
8.435000000000000000e+03
8.389000000000000000e+03
8.342000000000000000e+03
8.297000000000000000e+03
8.252000000000000000e+03
8.208000000000000000e+03
8.163000000000000000e+03
8.119000000000000000e+03
8.076000000000000000e+03
8.033000000000000000e+03
7.991000000000000000e+03
7.948000000000000000e+03
7.906000000000000000e+03
7.865000000000000000e+03
7.823000000000000000e+03
7.782000000000000000e+03
7.741000000000000000e+03
7.701000000000000000e+03
7.661000000000000000e+03
7.620000000000000000e+03
7.580000000000000000e+03
7.540000000000000000e+03
7.500000000000000000e+03
7.461000000000000000e+03
7.422000000000000000e+03
7.382000000000000000e+03
7.343000000000000000e+03
7.304000000000000000e+03
7.264000000000000000e+03
7.225000000000000000e+03
7.186000000000000000e+03
7.147000000000000000e+03
7.107000000000000000e+03
7.068000000000000000e+03
7.029000000000000000e+03
6.989000000000000000e+03
6.949000000000000000e+03
6.910000000000000000e+03
6.871000000000000000e+03
6.832000000000000000e+03
6.794000000000000000e+03
6.756000000000000000e+03
6.719000000000000000e+03
6.682000000000000000e+03
6.645000000000000000e+03
6.609000000000000000e+03
6.572000000000000000e+03
6.536000000000000000e+03
6.501000000000000000e+03
6.465000000000000000e+03
6.430000000000000000e+03
6.395000000000000000e+03
6.360000000000000000e+03
6.325000000000000000e+03
6.291000000000000000e+03
6.256000000000000000e+03
6.222000000000000000e+03
6.188000000000000000e+03
6.154000000000000000e+03
6.120000000000000000e+03
6.086000000000000000e+03
6.051000000000000000e+03
6.016000000000000000e+03
5.982000000000000000e+03
5.947000000000000000e+03
5.910000000000000000e+03
5.873000000000000000e+03
5.836000000000000000e+03
5.799000000000000000e+03
5.764000000000000000e+03
5.730000000000000000e+03
5.695000000000000000e+03
5.662000000000000000e+03
5.629000000000000000e+03
5.597000000000000000e+03
5.566000000000000000e+03
5.536000000000000000e+03
5.507000000000000000e+03
5.477000000000000000e+03
5.448000000000000000e+03
5.420000000000000000e+03
5.393000000000000000e+03
5.366000000000000000e+03
5.340000000000000000e+03
5.314000000000000000e+03
5.289000000000000000e+03
5.265000000000000000e+03
5.241000000000000000e+03
5.218000000000000000e+03
5.195000000000000000e+03
5.173000000000000000e+03
5.151000000000000000e+03
5.142000000000000000e+03
5.142000000000000000e+03
5.142000000000000000e+03
5.142000000000000000e+03
5.142000000000000000e+03
5.142000000000000000e+03
5.142000000000000000e+03
5.142000000000000000e+03
5.142000000000000000e+03
5.142000000000000000e+03
5.142000000000000000e+03
5.142000000000000000e+03
5.142000000000000000e+03
5.142000000000000000e+03
5.142000000000000000e+03
5.142000000000000000e+03
5.142000000000000000e+03
5.142000000000000000e+03
1.882300000000000000e+04
1.597000000000000000e+04
1.453600000000000000e+04
1.369300000000000000e+04
1.309300000000000000e+04
1.262600000000000000e+04
1.224200000000000000e+04
1.191700000000000000e+04
1.163400000000000000e+04
1.138400000000000000e+04
1.115800000000000000e+04
1.095400000000000000e+04
1.076700000000000000e+04
1.059400000000000000e+04
1.043300000000000000e+04
1.028200000000000000e+04
1.014100000000000000e+04
1.000700000000000000e+04
9.881000000000000000e+03
9.761000000000000000e+03
9.646000000000000000e+03
9.537000000000000000e+03
9.432000000000000000e+03
9.332000000000000000e+03
9.235000000000000000e+03
9.142000000000000000e+03
9.136000000000000000e+03
9.078000000000000000e+03
9.021000000000000000e+03
8.964000000000000000e+03
8.910000000000000000e+03
8.856000000000000000e+03
8.802000000000000000e+03
8.750000000000000000e+03
8.699000000000000000e+03
8.648000000000000000e+03
8.597000000000000000e+03
8.549000000000000000e+03
8.499000000000000000e+03
8.452000000000000000e+03
8.404000000000000000e+03
8.358000000000000000e+03
8.311000000000000000e+03
8.266000000000000000e+03
8.220000000000000000e+03
8.175000000000000000e+03
8.132000000000000000e+03
8.088000000000000000e+03
8.045000000000000000e+03
8.001000000000000000e+03
7.959000000000000000e+03
7.917000000000000000e+03
7.874000000000000000e+03
7.833000000000000000e+03
7.792000000000000000e+03
7.750000000000000000e+03
7.710000000000000000e+03
7.669000000000000000e+03
7.629000000000000000e+03
7.589000000000000000e+03
7.549000000000000000e+03
7.508000000000000000e+03
7.469000000000000000e+03
7.430000000000000000e+03
7.390000000000000000e+03
7.351000000000000000e+03
7.312000000000000000e+03
7.273000000000000000e+03
7.234000000000000000e+03
7.195000000000000000e+03
7.156000000000000000e+03
7.117000000000000000e+03
7.078000000000000000e+03
7.039000000000000000e+03
7.000000000000000000e+03
6.961000000000000000e+03
6.922000000000000000e+03
6.883000000000000000e+03
6.843000000000000000e+03
6.804000000000000000e+03
6.766000000000000000e+03
6.727000000000000000e+03
6.690000000000000000e+03
6.653000000000000000e+03
6.616000000000000000e+03
6.579000000000000000e+03
6.543000000000000000e+03
6.507000000000000000e+03
6.471000000000000000e+03
6.435000000000000000e+03
6.400000000000000000e+03
6.365000000000000000e+03
6.330000000000000000e+03
6.295000000000000000e+03
6.261000000000000000e+03
6.226000000000000000e+03
6.193000000000000000e+03
6.158000000000000000e+03
6.124000000000000000e+03
6.090000000000000000e+03
6.056000000000000000e+03
6.022000000000000000e+03
5.988000000000000000e+03
5.954000000000000000e+03
5.919000000000000000e+03
5.885000000000000000e+03
5.849000000000000000e+03
5.812000000000000000e+03
5.774000000000000000e+03
5.738000000000000000e+03
5.703000000000000000e+03
5.668000000000000000e+03
5.634000000000000000e+03
5.600000000000000000e+03
5.568000000000000000e+03
5.536000000000000000e+03
5.505000000000000000e+03
5.474000000000000000e+03
5.444000000000000000e+03
5.415000000000000000e+03
5.386000000000000000e+03
5.358000000000000000e+03
5.331000000000000000e+03
5.304000000000000000e+03
5.277000000000000000e+03
5.251000000000000000e+03
5.226000000000000000e+03
5.202000000000000000e+03
5.177000000000000000e+03
5.154000000000000000e+03
5.131000000000000000e+03
5.109000000000000000e+03
5.087000000000000000e+03
5.069000000000000000e+03
5.069000000000000000e+03
5.069000000000000000e+03
5.069000000000000000e+03
5.069000000000000000e+03
5.069000000000000000e+03
5.069000000000000000e+03
5.069000000000000000e+03
5.069000000000000000e+03
5.069000000000000000e+03
5.069000000000000000e+03
5.069000000000000000e+03
5.069000000000000000e+03
5.069000000000000000e+03
5.069000000000000000e+03
5.069000000000000000e+03
5.069000000000000000e+03
5.069000000000000000e+03
1.880200000000000000e+04
1.589300000000000000e+04
1.446000000000000000e+04
1.361900000000000000e+04
1.302000000000000000e+04
1.255300000000000000e+04
1.217000000000000000e+04
1.184600000000000000e+04
1.156300000000000000e+04
1.131300000000000000e+04
1.108800000000000000e+04
1.088400000000000000e+04
1.069700000000000000e+04
1.052400000000000000e+04
1.036400000000000000e+04
1.021300000000000000e+04
1.007200000000000000e+04
9.939000000000000000e+03
9.813000000000000000e+03
9.693000000000000000e+03
9.579000000000000000e+03
9.470000000000000000e+03
9.365000000000000000e+03
9.265000000000000000e+03
9.168000000000000000e+03
9.075000000000000000e+03
8.987000000000000000e+03
8.986000000000000000e+03
8.941000000000000000e+03
8.886000000000000000e+03
8.831000000000000000e+03
8.777000000000000000e+03
8.725000000000000000e+03
8.673000000000000000e+03
8.622000000000000000e+03
8.571000000000000000e+03
8.522000000000000000e+03
8.473000000000000000e+03
8.424000000000000000e+03
8.377000000000000000e+03
8.330000000000000000e+03
8.283000000000000000e+03
8.238000000000000000e+03
8.192000000000000000e+03
8.147000000000000000e+03
8.103000000000000000e+03
8.059000000000000000e+03
8.015000000000000000e+03
7.972000000000000000e+03
7.930000000000000000e+03
7.888000000000000000e+03
7.846000000000000000e+03
7.804000000000000000e+03
7.762000000000000000e+03
7.721000000000000000e+03
7.681000000000000000e+03
7.640000000000000000e+03
7.600000000000000000e+03
7.560000000000000000e+03
7.519000000000000000e+03
7.480000000000000000e+03
7.440000000000000000e+03
7.401000000000000000e+03
7.362000000000000000e+03
7.323000000000000000e+03
7.284000000000000000e+03
7.245000000000000000e+03
7.206000000000000000e+03
7.168000000000000000e+03
7.129000000000000000e+03
7.090000000000000000e+03
7.052000000000000000e+03
7.013000000000000000e+03
6.975000000000000000e+03
6.936000000000000000e+03
6.897000000000000000e+03
6.858000000000000000e+03
6.820000000000000000e+03
6.780000000000000000e+03
6.741000000000000000e+03
6.703000000000000000e+03
6.665000000000000000e+03
6.628000000000000000e+03
6.590000000000000000e+03
6.553000000000000000e+03
6.517000000000000000e+03
6.480000000000000000e+03
6.445000000000000000e+03
6.409000000000000000e+03
6.373000000000000000e+03
6.338000000000000000e+03
6.303000000000000000e+03
6.269000000000000000e+03
6.233000000000000000e+03
6.199000000000000000e+03
6.165000000000000000e+03
6.131000000000000000e+03
6.097000000000000000e+03
6.063000000000000000e+03
6.029000000000000000e+03
5.995000000000000000e+03
5.962000000000000000e+03
5.928000000000000000e+03
5.894000000000000000e+03
5.860000000000000000e+03
5.825000000000000000e+03
5.790000000000000000e+03
5.754000000000000000e+03
5.717000000000000000e+03
5.680000000000000000e+03
5.645000000000000000e+03
5.610000000000000000e+03
5.575000000000000000e+03
5.542000000000000000e+03
5.509000000000000000e+03
5.477000000000000000e+03
5.446000000000000000e+03
5.415000000000000000e+03
5.385000000000000000e+03
5.356000000000000000e+03
5.327000000000000000e+03
5.299000000000000000e+03
5.271000000000000000e+03
5.244000000000000000e+03
5.217000000000000000e+03
5.192000000000000000e+03
5.166000000000000000e+03
5.141000000000000000e+03
5.117000000000000000e+03
5.094000000000000000e+03
5.070000000000000000e+03
5.048000000000000000e+03
5.026000000000000000e+03
5.005000000000000000e+03
4.999000000000000000e+03
4.999000000000000000e+03
4.999000000000000000e+03
4.999000000000000000e+03
4.999000000000000000e+03
4.999000000000000000e+03
4.999000000000000000e+03
4.999000000000000000e+03
4.999000000000000000e+03
4.999000000000000000e+03
4.999000000000000000e+03
4.999000000000000000e+03
4.999000000000000000e+03
4.999000000000000000e+03
4.999000000000000000e+03
4.999000000000000000e+03
4.999000000000000000e+03
1.878200000000000000e+04
1.581800000000000000e+04
1.438800000000000000e+04
1.354800000000000000e+04
1.295000000000000000e+04
1.248400000000000000e+04
1.210200000000000000e+04
1.177700000000000000e+04
1.149500000000000000e+04
1.124600000000000000e+04
1.102100000000000000e+04
1.081800000000000000e+04
1.063100000000000000e+04
1.045800000000000000e+04
1.029800000000000000e+04
1.014800000000000000e+04
1.000700000000000000e+04
9.874000000000000000e+03
9.748000000000000000e+03
9.629000000000000000e+03
9.515000000000000000e+03
9.406000000000000000e+03
9.302000000000000000e+03
9.201000000000000000e+03
9.105000000000000000e+03
9.012000000000000000e+03
8.922000000000000000e+03
8.837000000000000000e+03
8.837000000000000000e+03
8.811000000000000000e+03
8.756000000000000000e+03
8.703000000000000000e+03
8.651000000000000000e+03
8.599000000000000000e+03
8.548000000000000000e+03
8.499000000000000000e+03
8.449000000000000000e+03
8.400000000000000000e+03
8.353000000000000000e+03
8.305000000000000000e+03
8.259000000000000000e+03
8.213000000000000000e+03
8.167000000000000000e+03
8.122000000000000000e+03
8.078000000000000000e+03
8.034000000000000000e+03
7.990000000000000000e+03
7.947000000000000000e+03
7.904000000000000000e+03
7.861000000000000000e+03
7.820000000000000000e+03
7.778000000000000000e+03
7.736000000000000000e+03
7.695000000000000000e+03
7.655000000000000000e+03
7.613000000000000000e+03
7.574000000000000000e+03
7.533000000000000000e+03
7.493000000000000000e+03
7.454000000000000000e+03
7.415000000000000000e+03
7.375000000000000000e+03
7.337000000000000000e+03
7.298000000000000000e+03
7.259000000000000000e+03
7.220000000000000000e+03
7.181000000000000000e+03
7.143000000000000000e+03
7.104000000000000000e+03
7.066000000000000000e+03
7.028000000000000000e+03
6.989000000000000000e+03
6.951000000000000000e+03
6.913000000000000000e+03
6.875000000000000000e+03
6.836000000000000000e+03
6.797000000000000000e+03
6.759000000000000000e+03
6.720000000000000000e+03
6.681000000000000000e+03
6.643000000000000000e+03
6.605000000000000000e+03
6.567000000000000000e+03
6.530000000000000000e+03
6.494000000000000000e+03
6.457000000000000000e+03
6.421000000000000000e+03
6.385000000000000000e+03
6.350000000000000000e+03
6.314000000000000000e+03
6.279000000000000000e+03
6.244000000000000000e+03
6.210000000000000000e+03
6.175000000000000000e+03
6.140000000000000000e+03
6.107000000000000000e+03
6.073000000000000000e+03
6.039000000000000000e+03
6.005000000000000000e+03
5.972000000000000000e+03
5.938000000000000000e+03
5.904000000000000000e+03
5.871000000000000000e+03
5.837000000000000000e+03
5.803000000000000000e+03
5.769000000000000000e+03
5.734000000000000000e+03
5.699000000000000000e+03
5.662000000000000000e+03
5.625000000000000000e+03
5.590000000000000000e+03
5.555000000000000000e+03
5.520000000000000000e+03
5.487000000000000000e+03
5.454000000000000000e+03
5.422000000000000000e+03
5.390000000000000000e+03
5.359000000000000000e+03
5.329000000000000000e+03
5.300000000000000000e+03
5.271000000000000000e+03
5.242000000000000000e+03
5.214000000000000000e+03
5.188000000000000000e+03
5.161000000000000000e+03
5.135000000000000000e+03
5.109000000000000000e+03
5.084000000000000000e+03
5.060000000000000000e+03
5.037000000000000000e+03
5.013000000000000000e+03
4.991000000000000000e+03
4.968000000000000000e+03
4.947000000000000000e+03
4.933000000000000000e+03
4.933000000000000000e+03
4.933000000000000000e+03
4.933000000000000000e+03
4.933000000000000000e+03
4.933000000000000000e+03
4.933000000000000000e+03
4.933000000000000000e+03
4.933000000000000000e+03
4.933000000000000000e+03
4.933000000000000000e+03
4.933000000000000000e+03
4.933000000000000000e+03
4.933000000000000000e+03
4.933000000000000000e+03
4.933000000000000000e+03
4.933000000000000000e+03
1.876300000000000000e+04
1.574700000000000000e+04
1.431900000000000000e+04
1.348000000000000000e+04
1.288300000000000000e+04
1.241800000000000000e+04
1.203600000000000000e+04
1.171300000000000000e+04
1.143100000000000000e+04
1.118200000000000000e+04
1.095800000000000000e+04
1.075400000000000000e+04
1.056800000000000000e+04
1.039600000000000000e+04
1.023600000000000000e+04
1.008600000000000000e+04
9.945000000000000000e+03
9.813000000000000000e+03
9.687000000000000000e+03
9.568000000000000000e+03
9.454000000000000000e+03
9.345000000000000000e+03
9.241000000000000000e+03
9.141000000000000000e+03
9.045000000000000000e+03
8.952000000000000000e+03
8.863000000000000000e+03
8.776000000000000000e+03
8.694000000000000000e+03
8.694000000000000000e+03
8.685000000000000000e+03
8.632000000000000000e+03
8.580000000000000000e+03
8.529000000000000000e+03
8.479000000000000000e+03
8.429000000000000000e+03
8.380000000000000000e+03
8.332000000000000000e+03
8.284000000000000000e+03
8.237000000000000000e+03
8.191000000000000000e+03
8.145000000000000000e+03
8.100000000000000000e+03
8.055000000000000000e+03
8.011000000000000000e+03
7.967000000000000000e+03
7.924000000000000000e+03
7.881000000000000000e+03
7.839000000000000000e+03
7.796000000000000000e+03
7.755000000000000000e+03
7.713000000000000000e+03
7.672000000000000000e+03
7.631000000000000000e+03
7.590000000000000000e+03
7.550000000000000000e+03
7.510000000000000000e+03
7.470000000000000000e+03
7.431000000000000000e+03
7.391000000000000000e+03
7.352000000000000000e+03
7.314000000000000000e+03
7.275000000000000000e+03
7.236000000000000000e+03
7.197000000000000000e+03
7.159000000000000000e+03
7.121000000000000000e+03
7.083000000000000000e+03
7.044000000000000000e+03
7.006000000000000000e+03
6.969000000000000000e+03
6.930000000000000000e+03
6.892000000000000000e+03
6.854000000000000000e+03
6.816000000000000000e+03
6.778000000000000000e+03
6.739000000000000000e+03
6.701000000000000000e+03
6.663000000000000000e+03
6.624000000000000000e+03
6.586000000000000000e+03
6.548000000000000000e+03
6.511000000000000000e+03
6.474000000000000000e+03
6.437000000000000000e+03
6.400000000000000000e+03
6.364000000000000000e+03
6.329000000000000000e+03
6.293000000000000000e+03
6.258000000000000000e+03
6.223000000000000000e+03
6.188000000000000000e+03
6.154000000000000000e+03
6.119000000000000000e+03
6.085000000000000000e+03
6.051000000000000000e+03
6.017000000000000000e+03
5.984000000000000000e+03
5.950000000000000000e+03
5.917000000000000000e+03
5.883000000000000000e+03
5.850000000000000000e+03
5.817000000000000000e+03
5.783000000000000000e+03
5.750000000000000000e+03
5.715000000000000000e+03
5.681000000000000000e+03
5.647000000000000000e+03
5.611000000000000000e+03
5.574000000000000000e+03
5.538000000000000000e+03
5.503000000000000000e+03
5.469000000000000000e+03
5.434000000000000000e+03
5.401000000000000000e+03
5.369000000000000000e+03
5.337000000000000000e+03
5.306000000000000000e+03
5.276000000000000000e+03
5.247000000000000000e+03
5.218000000000000000e+03
5.189000000000000000e+03
5.161000000000000000e+03
5.134000000000000000e+03
5.107000000000000000e+03
5.081000000000000000e+03
5.055000000000000000e+03
5.031000000000000000e+03
5.006000000000000000e+03
4.982000000000000000e+03
4.959000000000000000e+03
4.936000000000000000e+03
4.914000000000000000e+03
4.892000000000000000e+03
4.871000000000000000e+03
4.869000000000000000e+03
4.869000000000000000e+03
4.869000000000000000e+03
4.869000000000000000e+03
4.869000000000000000e+03
4.869000000000000000e+03
4.869000000000000000e+03
4.869000000000000000e+03
4.869000000000000000e+03
4.869000000000000000e+03
4.869000000000000000e+03
4.869000000000000000e+03
4.869000000000000000e+03
4.869000000000000000e+03
4.869000000000000000e+03
4.869000000000000000e+03
1.874400000000000000e+04
1.567500000000000000e+04
1.424900000000000000e+04
1.341200000000000000e+04
1.281600000000000000e+04
1.235100000000000000e+04
1.197100000000000000e+04
1.164700000000000000e+04
1.136600000000000000e+04
1.111700000000000000e+04
1.089400000000000000e+04
1.069100000000000000e+04
1.050500000000000000e+04
1.033300000000000000e+04
1.017300000000000000e+04
1.002400000000000000e+04
9.883000000000000000e+03
9.751000000000000000e+03
9.625000000000000000e+03
9.506000000000000000e+03
9.393000000000000000e+03
9.284000000000000000e+03
9.180000000000000000e+03
9.080000000000000000e+03
8.984000000000000000e+03
8.892000000000000000e+03
8.803000000000000000e+03
8.716000000000000000e+03
8.633000000000000000e+03
8.555000000000000000e+03
8.555000000000000000e+03
8.554000000000000000e+03
8.509000000000000000e+03
8.458000000000000000e+03
8.408000000000000000e+03
8.359000000000000000e+03
8.310000000000000000e+03
8.262000000000000000e+03
8.215000000000000000e+03
8.169000000000000000e+03
8.123000000000000000e+03
8.077000000000000000e+03
8.032000000000000000e+03
7.988000000000000000e+03
7.944000000000000000e+03
7.900000000000000000e+03
7.857000000000000000e+03
7.815000000000000000e+03
7.772000000000000000e+03
7.731000000000000000e+03
7.690000000000000000e+03
7.648000000000000000e+03
7.608000000000000000e+03
7.567000000000000000e+03
7.526000000000000000e+03
7.486000000000000000e+03
7.447000000000000000e+03
7.408000000000000000e+03
7.368000000000000000e+03
7.329000000000000000e+03
7.290000000000000000e+03
7.252000000000000000e+03
7.213000000000000000e+03
7.174000000000000000e+03
7.136000000000000000e+03
7.098000000000000000e+03
7.060000000000000000e+03
7.022000000000000000e+03
6.985000000000000000e+03
6.946000000000000000e+03
6.908000000000000000e+03
6.871000000000000000e+03
6.833000000000000000e+03
6.796000000000000000e+03
6.758000000000000000e+03
6.720000000000000000e+03
6.681000000000000000e+03
6.644000000000000000e+03
6.606000000000000000e+03
6.567000000000000000e+03
6.529000000000000000e+03
6.491000000000000000e+03
6.454000000000000000e+03
6.417000000000000000e+03
6.380000000000000000e+03
6.344000000000000000e+03
6.309000000000000000e+03
6.272000000000000000e+03
6.237000000000000000e+03
6.202000000000000000e+03
6.167000000000000000e+03
6.132000000000000000e+03
6.098000000000000000e+03
6.064000000000000000e+03
6.030000000000000000e+03
5.996000000000000000e+03
5.962000000000000000e+03
5.929000000000000000e+03
5.895000000000000000e+03
5.862000000000000000e+03
5.829000000000000000e+03
5.795000000000000000e+03
5.762000000000000000e+03
5.729000000000000000e+03
5.695000000000000000e+03
5.662000000000000000e+03
5.628000000000000000e+03
5.594000000000000000e+03
5.559000000000000000e+03
5.522000000000000000e+03
5.486000000000000000e+03
5.451000000000000000e+03
5.417000000000000000e+03
5.382000000000000000e+03
5.349000000000000000e+03
5.317000000000000000e+03
5.285000000000000000e+03
5.254000000000000000e+03
5.224000000000000000e+03
5.194000000000000000e+03
5.165000000000000000e+03
5.136000000000000000e+03
5.108000000000000000e+03
5.081000000000000000e+03
5.054000000000000000e+03
5.028000000000000000e+03
5.002000000000000000e+03
4.977000000000000000e+03
4.952000000000000000e+03
4.928000000000000000e+03
4.905000000000000000e+03
4.882000000000000000e+03
4.859000000000000000e+03
4.838000000000000000e+03
4.816000000000000000e+03
4.806000000000000000e+03
4.806000000000000000e+03
4.806000000000000000e+03
4.806000000000000000e+03
4.806000000000000000e+03
4.806000000000000000e+03
4.806000000000000000e+03
4.806000000000000000e+03
4.806000000000000000e+03
4.806000000000000000e+03
4.806000000000000000e+03
4.806000000000000000e+03
4.806000000000000000e+03
4.806000000000000000e+03
4.806000000000000000e+03
4.806000000000000000e+03
1.872600000000000000e+04
1.560700000000000000e+04
1.418400000000000000e+04
1.334700000000000000e+04
1.275200000000000000e+04
1.228900000000000000e+04
1.190800000000000000e+04
1.158600000000000000e+04
1.130500000000000000e+04
1.105700000000000000e+04
1.083300000000000000e+04
1.063100000000000000e+04
1.044500000000000000e+04
1.027300000000000000e+04
1.011400000000000000e+04
9.965000000000000000e+03
9.824000000000000000e+03
9.692000000000000000e+03
9.567000000000000000e+03
9.448000000000000000e+03
9.335000000000000000e+03
9.226000000000000000e+03
9.123000000000000000e+03
9.023000000000000000e+03
8.927000000000000000e+03
8.835000000000000000e+03
8.746000000000000000e+03
8.660000000000000000e+03
8.576000000000000000e+03
8.495000000000000000e+03
8.421000000000000000e+03
8.421000000000000000e+03
8.420000000000000000e+03
8.391000000000000000e+03
8.342000000000000000e+03
8.293000000000000000e+03
8.244000000000000000e+03
8.197000000000000000e+03
8.150000000000000000e+03
8.103000000000000000e+03
8.058000000000000000e+03
8.012000000000000000e+03
7.968000000000000000e+03
7.924000000000000000e+03
7.880000000000000000e+03
7.837000000000000000e+03
7.794000000000000000e+03
7.752000000000000000e+03
7.710000000000000000e+03
7.669000000000000000e+03
7.628000000000000000e+03
7.587000000000000000e+03
7.546000000000000000e+03
7.506000000000000000e+03
7.466000000000000000e+03
7.426000000000000000e+03
7.387000000000000000e+03
7.347000000000000000e+03
7.308000000000000000e+03
7.269000000000000000e+03
7.231000000000000000e+03
7.193000000000000000e+03
7.154000000000000000e+03
7.116000000000000000e+03
7.078000000000000000e+03
7.040000000000000000e+03
7.003000000000000000e+03
6.965000000000000000e+03
6.927000000000000000e+03
6.890000000000000000e+03
6.852000000000000000e+03
6.815000000000000000e+03
6.777000000000000000e+03
6.740000000000000000e+03
6.702000000000000000e+03
6.665000000000000000e+03
6.627000000000000000e+03
6.589000000000000000e+03
6.551000000000000000e+03
6.514000000000000000e+03
6.475000000000000000e+03
6.438000000000000000e+03
6.401000000000000000e+03
6.364000000000000000e+03
6.327000000000000000e+03
6.291000000000000000e+03
6.255000000000000000e+03
6.219000000000000000e+03
6.185000000000000000e+03
6.149000000000000000e+03
6.114000000000000000e+03
6.080000000000000000e+03
6.046000000000000000e+03
6.012000000000000000e+03
5.977000000000000000e+03
5.944000000000000000e+03
5.911000000000000000e+03
5.877000000000000000e+03
5.844000000000000000e+03
5.810000000000000000e+03
5.778000000000000000e+03
5.744000000000000000e+03
5.711000000000000000e+03
5.678000000000000000e+03
5.645000000000000000e+03
5.611000000000000000e+03
5.578000000000000000e+03
5.544000000000000000e+03
5.510000000000000000e+03
5.474000000000000000e+03
5.438000000000000000e+03
5.403000000000000000e+03
5.368000000000000000e+03
5.334000000000000000e+03
5.300000000000000000e+03
5.268000000000000000e+03
5.236000000000000000e+03
5.205000000000000000e+03
5.174000000000000000e+03
5.145000000000000000e+03
5.115000000000000000e+03
5.087000000000000000e+03
5.058000000000000000e+03
5.031000000000000000e+03
5.004000000000000000e+03
4.977000000000000000e+03
4.952000000000000000e+03
4.927000000000000000e+03
4.901000000000000000e+03
4.877000000000000000e+03
4.854000000000000000e+03
4.831000000000000000e+03
4.808000000000000000e+03
4.786000000000000000e+03
4.765000000000000000e+03
4.745000000000000000e+03
4.745000000000000000e+03
4.745000000000000000e+03
4.745000000000000000e+03
4.745000000000000000e+03
4.745000000000000000e+03
4.745000000000000000e+03
4.745000000000000000e+03
4.745000000000000000e+03
4.745000000000000000e+03
4.745000000000000000e+03
4.745000000000000000e+03
4.745000000000000000e+03
4.745000000000000000e+03
4.745000000000000000e+03
4.745000000000000000e+03
1.870800000000000000e+04
1.553900000000000000e+04
1.411700000000000000e+04
1.328300000000000000e+04
1.268800000000000000e+04
1.222500000000000000e+04
1.184600000000000000e+04
1.152400000000000000e+04
1.124400000000000000e+04
1.099500000000000000e+04
1.077300000000000000e+04
1.057000000000000000e+04
1.038500000000000000e+04
1.021400000000000000e+04
1.005400000000000000e+04
9.905000000000000000e+03
9.766000000000000000e+03
9.634000000000000000e+03
9.509000000000000000e+03
9.390000000000000000e+03
9.277000000000000000e+03
9.169000000000000000e+03
9.065000000000000000e+03
8.966000000000000000e+03
8.870000000000000000e+03
8.778000000000000000e+03
8.689000000000000000e+03
8.603000000000000000e+03
8.520000000000000000e+03
8.439000000000000000e+03
8.361000000000000000e+03
8.289000000000000000e+03
8.289000000000000000e+03
8.289000000000000000e+03
8.274000000000000000e+03
8.226000000000000000e+03
8.178000000000000000e+03
8.131000000000000000e+03
8.084000000000000000e+03
8.038000000000000000e+03
7.993000000000000000e+03
7.948000000000000000e+03
7.904000000000000000e+03
7.860000000000000000e+03
7.816000000000000000e+03
7.774000000000000000e+03
7.731000000000000000e+03
7.689000000000000000e+03
7.648000000000000000e+03
7.607000000000000000e+03
7.565000000000000000e+03
7.525000000000000000e+03
7.485000000000000000e+03
7.445000000000000000e+03
7.405000000000000000e+03
7.365000000000000000e+03
7.326000000000000000e+03
7.287000000000000000e+03
7.248000000000000000e+03
7.210000000000000000e+03
7.172000000000000000e+03
7.134000000000000000e+03
7.095000000000000000e+03
7.058000000000000000e+03
7.020000000000000000e+03
6.982000000000000000e+03
6.945000000000000000e+03
6.907000000000000000e+03
6.870000000000000000e+03
6.832000000000000000e+03
6.796000000000000000e+03
6.758000000000000000e+03
6.721000000000000000e+03
6.684000000000000000e+03
6.647000000000000000e+03
6.610000000000000000e+03
6.572000000000000000e+03
6.534000000000000000e+03
6.497000000000000000e+03
6.460000000000000000e+03
6.422000000000000000e+03
6.384000000000000000e+03
6.347000000000000000e+03
6.310000000000000000e+03
6.273000000000000000e+03
6.237000000000000000e+03
6.202000000000000000e+03
6.167000000000000000e+03
6.131000000000000000e+03
6.096000000000000000e+03
6.062000000000000000e+03
6.027000000000000000e+03
5.994000000000000000e+03
5.960000000000000000e+03
5.926000000000000000e+03
5.892000000000000000e+03
5.858000000000000000e+03
5.825000000000000000e+03
5.792000000000000000e+03
5.759000000000000000e+03
5.726000000000000000e+03
5.693000000000000000e+03
5.660000000000000000e+03
5.627000000000000000e+03
5.594000000000000000e+03
5.561000000000000000e+03
5.528000000000000000e+03
5.495000000000000000e+03
5.461000000000000000e+03
5.426000000000000000e+03
5.390000000000000000e+03
5.354000000000000000e+03
5.320000000000000000e+03
5.285000000000000000e+03
5.252000000000000000e+03
5.219000000000000000e+03
5.187000000000000000e+03
5.156000000000000000e+03
5.125000000000000000e+03
5.095000000000000000e+03
5.066000000000000000e+03
5.037000000000000000e+03
5.009000000000000000e+03
4.981000000000000000e+03
4.954000000000000000e+03
4.927000000000000000e+03
4.902000000000000000e+03
4.876000000000000000e+03
4.851000000000000000e+03
4.827000000000000000e+03
4.803000000000000000e+03
4.780000000000000000e+03
4.757000000000000000e+03
4.735000000000000000e+03
4.713000000000000000e+03
4.693000000000000000e+03
4.685000000000000000e+03
4.685000000000000000e+03
4.685000000000000000e+03
4.685000000000000000e+03
4.685000000000000000e+03
4.685000000000000000e+03
4.685000000000000000e+03
4.685000000000000000e+03
4.685000000000000000e+03
4.685000000000000000e+03
4.685000000000000000e+03
4.685000000000000000e+03
4.685000000000000000e+03
4.685000000000000000e+03
4.685000000000000000e+03
1.869100000000000000e+04
1.547400000000000000e+04
1.405500000000000000e+04
1.322100000000000000e+04
1.262800000000000000e+04
1.216600000000000000e+04
1.178700000000000000e+04
1.146500000000000000e+04
1.118500000000000000e+04
1.093800000000000000e+04
1.071500000000000000e+04
1.051300000000000000e+04
1.032800000000000000e+04
1.015700000000000000e+04
9.998000000000000000e+03
9.850000000000000000e+03
9.710000000000000000e+03
9.578000000000000000e+03
9.453000000000000000e+03
9.335000000000000000e+03
9.222000000000000000e+03
9.114000000000000000e+03
9.011000000000000000e+03
8.912000000000000000e+03
8.816000000000000000e+03
8.724000000000000000e+03
8.636000000000000000e+03
8.550000000000000000e+03
8.467000000000000000e+03
8.386000000000000000e+03
8.308000000000000000e+03
8.232000000000000000e+03
8.163000000000000000e+03
8.163000000000000000e+03
8.163000000000000000e+03
8.162000000000000000e+03
8.115000000000000000e+03
8.068000000000000000e+03
8.022000000000000000e+03
7.976000000000000000e+03
7.932000000000000000e+03
7.887000000000000000e+03
7.843000000000000000e+03
7.799000000000000000e+03
7.756000000000000000e+03
7.713000000000000000e+03
7.672000000000000000e+03
7.630000000000000000e+03
7.588000000000000000e+03
7.547000000000000000e+03
7.506000000000000000e+03
7.466000000000000000e+03
7.426000000000000000e+03
7.386000000000000000e+03
7.347000000000000000e+03
7.308000000000000000e+03
7.269000000000000000e+03
7.231000000000000000e+03
7.191000000000000000e+03
7.154000000000000000e+03
7.116000000000000000e+03
7.078000000000000000e+03
7.039000000000000000e+03
7.002000000000000000e+03
6.964000000000000000e+03
6.928000000000000000e+03
6.891000000000000000e+03
6.853000000000000000e+03
6.816000000000000000e+03
6.779000000000000000e+03
6.742000000000000000e+03
6.705000000000000000e+03
6.668000000000000000e+03
6.631000000000000000e+03
6.595000000000000000e+03
6.558000000000000000e+03
6.520000000000000000e+03
6.483000000000000000e+03
6.446000000000000000e+03
6.409000000000000000e+03
6.372000000000000000e+03
6.334000000000000000e+03
6.297000000000000000e+03
6.260000000000000000e+03
6.224000000000000000e+03
6.188000000000000000e+03
6.152000000000000000e+03
6.117000000000000000e+03
6.081000000000000000e+03
6.047000000000000000e+03
6.012000000000000000e+03
5.978000000000000000e+03
5.944000000000000000e+03
5.910000000000000000e+03
5.876000000000000000e+03
5.843000000000000000e+03
5.810000000000000000e+03
5.776000000000000000e+03
5.743000000000000000e+03
5.710000000000000000e+03
5.678000000000000000e+03
5.645000000000000000e+03
5.612000000000000000e+03
5.580000000000000000e+03
5.547000000000000000e+03
5.514000000000000000e+03
5.481000000000000000e+03
5.448000000000000000e+03
5.415000000000000000e+03
5.380000000000000000e+03
5.344000000000000000e+03
5.309000000000000000e+03
5.274000000000000000e+03
5.240000000000000000e+03
5.206000000000000000e+03
5.173000000000000000e+03
5.141000000000000000e+03
5.110000000000000000e+03
5.079000000000000000e+03
5.049000000000000000e+03
5.020000000000000000e+03
4.991000000000000000e+03
4.962000000000000000e+03
4.934000000000000000e+03
4.907000000000000000e+03
4.880000000000000000e+03
4.855000000000000000e+03
4.829000000000000000e+03
4.804000000000000000e+03
4.780000000000000000e+03
4.755000000000000000e+03
4.732000000000000000e+03
4.709000000000000000e+03
4.687000000000000000e+03
4.666000000000000000e+03
4.644000000000000000e+03
4.628000000000000000e+03
4.628000000000000000e+03
4.628000000000000000e+03
4.628000000000000000e+03
4.628000000000000000e+03
4.628000000000000000e+03
4.628000000000000000e+03
4.628000000000000000e+03
4.628000000000000000e+03
4.628000000000000000e+03
4.628000000000000000e+03
4.628000000000000000e+03
4.628000000000000000e+03
4.628000000000000000e+03
4.628000000000000000e+03
1.867500000000000000e+04
1.541300000000000000e+04
1.399600000000000000e+04
1.316300000000000000e+04
1.257100000000000000e+04
1.210900000000000000e+04
1.173100000000000000e+04
1.141000000000000000e+04
1.113100000000000000e+04
1.088300000000000000e+04
1.066100000000000000e+04
1.046000000000000000e+04
1.027500000000000000e+04
1.010400000000000000e+04
9.945000000000000000e+03
9.797000000000000000e+03
9.658000000000000000e+03
9.526000000000000000e+03
9.402000000000000000e+03
9.283000000000000000e+03
9.171000000000000000e+03
9.063000000000000000e+03
8.960000000000000000e+03
8.861000000000000000e+03
8.765000000000000000e+03
8.674000000000000000e+03
8.585000000000000000e+03
8.499000000000000000e+03
8.417000000000000000e+03
8.336000000000000000e+03
8.258000000000000000e+03
8.182000000000000000e+03
8.108000000000000000e+03
8.043000000000000000e+03
8.043000000000000000e+03
8.043000000000000000e+03
8.043000000000000000e+03
8.009000000000000000e+03
7.963000000000000000e+03
7.918000000000000000e+03
7.873000000000000000e+03
7.829000000000000000e+03
7.785000000000000000e+03
7.742000000000000000e+03
7.699000000000000000e+03
7.657000000000000000e+03
7.615000000000000000e+03
7.574000000000000000e+03
7.532000000000000000e+03
7.492000000000000000e+03
7.451000000000000000e+03
7.411000000000000000e+03
7.372000000000000000e+03
7.332000000000000000e+03
7.292000000000000000e+03
7.254000000000000000e+03
7.215000000000000000e+03
7.177000000000000000e+03
7.138000000000000000e+03
7.101000000000000000e+03
7.062000000000000000e+03
7.025000000000000000e+03
6.988000000000000000e+03
6.950000000000000000e+03
6.913000000000000000e+03
6.875000000000000000e+03
6.838000000000000000e+03
6.802000000000000000e+03
6.765000000000000000e+03
6.728000000000000000e+03
6.692000000000000000e+03
6.655000000000000000e+03
6.618000000000000000e+03
6.582000000000000000e+03
6.545000000000000000e+03
6.508000000000000000e+03
6.472000000000000000e+03
6.435000000000000000e+03
6.398000000000000000e+03
6.360000000000000000e+03
6.324000000000000000e+03
6.287000000000000000e+03
6.249000000000000000e+03
6.213000000000000000e+03
6.177000000000000000e+03
6.141000000000000000e+03
6.105000000000000000e+03
6.070000000000000000e+03
6.034000000000000000e+03
6.000000000000000000e+03
5.966000000000000000e+03
5.931000000000000000e+03
5.897000000000000000e+03
5.863000000000000000e+03
5.830000000000000000e+03
5.796000000000000000e+03
5.763000000000000000e+03
5.731000000000000000e+03
5.698000000000000000e+03
5.665000000000000000e+03
5.633000000000000000e+03
5.600000000000000000e+03
5.567000000000000000e+03
5.535000000000000000e+03
5.502000000000000000e+03
5.470000000000000000e+03
5.437000000000000000e+03
5.404000000000000000e+03
5.371000000000000000e+03
5.337000000000000000e+03
5.302000000000000000e+03
5.266000000000000000e+03
5.231000000000000000e+03
5.197000000000000000e+03
5.164000000000000000e+03
5.131000000000000000e+03
5.098000000000000000e+03
5.067000000000000000e+03
5.036000000000000000e+03
5.006000000000000000e+03
4.976000000000000000e+03
4.947000000000000000e+03
4.918000000000000000e+03
4.891000000000000000e+03
4.863000000000000000e+03
4.836000000000000000e+03
4.810000000000000000e+03
4.784000000000000000e+03
4.760000000000000000e+03
4.735000000000000000e+03
4.711000000000000000e+03
4.687000000000000000e+03
4.664000000000000000e+03
4.642000000000000000e+03
4.620000000000000000e+03
4.599000000000000000e+03
4.579000000000000000e+03
4.574000000000000000e+03
4.574000000000000000e+03
4.574000000000000000e+03
4.574000000000000000e+03
4.574000000000000000e+03
4.574000000000000000e+03
4.574000000000000000e+03
4.574000000000000000e+03
4.574000000000000000e+03
4.574000000000000000e+03
4.574000000000000000e+03
4.574000000000000000e+03
4.574000000000000000e+03
4.574000000000000000e+03
1.865900000000000000e+04
1.535100000000000000e+04
1.393600000000000000e+04
1.310500000000000000e+04
1.251400000000000000e+04
1.205300000000000000e+04
1.167500000000000000e+04
1.135400000000000000e+04
1.107600000000000000e+04
1.082900000000000000e+04
1.060700000000000000e+04
1.040600000000000000e+04
1.022100000000000000e+04
1.005100000000000000e+04
9.892000000000000000e+03
9.744000000000000000e+03
9.605000000000000000e+03
9.474000000000000000e+03
9.350000000000000000e+03
9.231000000000000000e+03
9.119000000000000000e+03
9.011000000000000000e+03
8.909000000000000000e+03
8.810000000000000000e+03
8.715000000000000000e+03
8.623000000000000000e+03
8.535000000000000000e+03
8.449000000000000000e+03
8.366000000000000000e+03
8.286000000000000000e+03
8.208000000000000000e+03
8.132000000000000000e+03
8.059000000000000000e+03
7.987000000000000000e+03
7.925000000000000000e+03
7.925000000000000000e+03
7.925000000000000000e+03
7.924000000000000000e+03
7.904000000000000000e+03
7.859000000000000000e+03
7.814000000000000000e+03
7.771000000000000000e+03
7.727000000000000000e+03
7.685000000000000000e+03
7.642000000000000000e+03
7.600000000000000000e+03
7.558000000000000000e+03
7.517000000000000000e+03
7.476000000000000000e+03
7.436000000000000000e+03
7.396000000000000000e+03
7.356000000000000000e+03
7.316000000000000000e+03
7.277000000000000000e+03
7.238000000000000000e+03
7.199000000000000000e+03
7.161000000000000000e+03
7.123000000000000000e+03
7.085000000000000000e+03
7.047000000000000000e+03
7.009000000000000000e+03
6.972000000000000000e+03
6.935000000000000000e+03
6.898000000000000000e+03
6.860000000000000000e+03
6.824000000000000000e+03
6.787000000000000000e+03
6.751000000000000000e+03
6.714000000000000000e+03
6.678000000000000000e+03
6.641000000000000000e+03
6.605000000000000000e+03
6.568000000000000000e+03
6.532000000000000000e+03
6.496000000000000000e+03
6.459000000000000000e+03
6.423000000000000000e+03
6.386000000000000000e+03
6.350000000000000000e+03
6.313000000000000000e+03
6.276000000000000000e+03
6.239000000000000000e+03
6.202000000000000000e+03
6.165000000000000000e+03
6.129000000000000000e+03
6.094000000000000000e+03
6.058000000000000000e+03
6.023000000000000000e+03
5.988000000000000000e+03
5.953000000000000000e+03
5.919000000000000000e+03
5.885000000000000000e+03
5.851000000000000000e+03
5.818000000000000000e+03
5.784000000000000000e+03
5.751000000000000000e+03
5.718000000000000000e+03
5.684000000000000000e+03
5.652000000000000000e+03
5.620000000000000000e+03
5.587000000000000000e+03
5.555000000000000000e+03
5.522000000000000000e+03
5.490000000000000000e+03
5.458000000000000000e+03
5.425000000000000000e+03
5.393000000000000000e+03
5.360000000000000000e+03
5.327000000000000000e+03
5.294000000000000000e+03
5.260000000000000000e+03
5.224000000000000000e+03
5.189000000000000000e+03
5.155000000000000000e+03
5.121000000000000000e+03
5.088000000000000000e+03
5.056000000000000000e+03
5.024000000000000000e+03
4.993000000000000000e+03
4.963000000000000000e+03
4.933000000000000000e+03
4.903000000000000000e+03
4.875000000000000000e+03
4.847000000000000000e+03
4.820000000000000000e+03
4.792000000000000000e+03
4.767000000000000000e+03
4.740000000000000000e+03
4.716000000000000000e+03
4.691000000000000000e+03
4.666000000000000000e+03
4.643000000000000000e+03
4.620000000000000000e+03
4.597000000000000000e+03
4.575000000000000000e+03
4.554000000000000000e+03
4.533000000000000000e+03
4.521000000000000000e+03
4.521000000000000000e+03
4.521000000000000000e+03
4.521000000000000000e+03
4.521000000000000000e+03
4.521000000000000000e+03
4.521000000000000000e+03
4.521000000000000000e+03
4.521000000000000000e+03
4.521000000000000000e+03
4.521000000000000000e+03
4.521000000000000000e+03
4.521000000000000000e+03
4.521000000000000000e+03
1.864300000000000000e+04
1.529000000000000000e+04
1.387700000000000000e+04
1.304700000000000000e+04
1.245600000000000000e+04
1.199600000000000000e+04
1.161900000000000000e+04
1.129900000000000000e+04
1.102100000000000000e+04
1.077400000000000000e+04
1.055300000000000000e+04
1.035200000000000000e+04
1.016800000000000000e+04
9.997000000000000000e+03
9.839000000000000000e+03
9.691000000000000000e+03
9.553000000000000000e+03
9.422000000000000000e+03
9.298000000000000000e+03
9.180000000000000000e+03
9.067000000000000000e+03
8.960000000000000000e+03
8.857000000000000000e+03
8.759000000000000000e+03
8.664000000000000000e+03
8.573000000000000000e+03
8.484000000000000000e+03
8.399000000000000000e+03
8.316000000000000000e+03
8.236000000000000000e+03
8.159000000000000000e+03
8.083000000000000000e+03
8.009000000000000000e+03
7.938000000000000000e+03
7.868000000000000000e+03
7.809000000000000000e+03
7.809000000000000000e+03
7.808000000000000000e+03
7.808000000000000000e+03
7.800000000000000000e+03
7.756000000000000000e+03
7.712000000000000000e+03
7.669000000000000000e+03
7.627000000000000000e+03
7.584000000000000000e+03
7.543000000000000000e+03
7.502000000000000000e+03
7.460000000000000000e+03
7.420000000000000000e+03
7.380000000000000000e+03
7.340000000000000000e+03
7.300000000000000000e+03
7.261000000000000000e+03
7.222000000000000000e+03
7.183000000000000000e+03
7.145000000000000000e+03
7.107000000000000000e+03
7.069000000000000000e+03
7.031000000000000000e+03
6.994000000000000000e+03
6.956000000000000000e+03
6.919000000000000000e+03
6.882000000000000000e+03
6.846000000000000000e+03
6.809000000000000000e+03
6.772000000000000000e+03
6.735000000000000000e+03
6.699000000000000000e+03
6.663000000000000000e+03
6.627000000000000000e+03
6.591000000000000000e+03
6.555000000000000000e+03
6.518000000000000000e+03
6.482000000000000000e+03
6.447000000000000000e+03
6.410000000000000000e+03
6.374000000000000000e+03
6.338000000000000000e+03
6.301000000000000000e+03
6.265000000000000000e+03
6.229000000000000000e+03
6.191000000000000000e+03
6.155000000000000000e+03
6.118000000000000000e+03
6.082000000000000000e+03
6.047000000000000000e+03
6.011000000000000000e+03
5.976000000000000000e+03
5.941000000000000000e+03
5.907000000000000000e+03
5.872000000000000000e+03
5.839000000000000000e+03
5.804000000000000000e+03
5.772000000000000000e+03
5.738000000000000000e+03
5.705000000000000000e+03
5.672000000000000000e+03
5.639000000000000000e+03
5.607000000000000000e+03
5.574000000000000000e+03
5.542000000000000000e+03
5.509000000000000000e+03
5.477000000000000000e+03
5.445000000000000000e+03
5.412000000000000000e+03
5.381000000000000000e+03
5.349000000000000000e+03
5.316000000000000000e+03
5.284000000000000000e+03
5.251000000000000000e+03
5.217000000000000000e+03
5.182000000000000000e+03
5.147000000000000000e+03
5.113000000000000000e+03
5.079000000000000000e+03
5.046000000000000000e+03
5.013000000000000000e+03
4.982000000000000000e+03
4.951000000000000000e+03
4.920000000000000000e+03
4.890000000000000000e+03
4.860000000000000000e+03
4.832000000000000000e+03
4.804000000000000000e+03
4.776000000000000000e+03
4.749000000000000000e+03
4.723000000000000000e+03
4.697000000000000000e+03
4.672000000000000000e+03
4.647000000000000000e+03
4.623000000000000000e+03
4.599000000000000000e+03
4.576000000000000000e+03
4.553000000000000000e+03
4.531000000000000000e+03
4.509000000000000000e+03
4.488000000000000000e+03
4.468000000000000000e+03
4.467000000000000000e+03
4.467000000000000000e+03
4.467000000000000000e+03
4.467000000000000000e+03
4.467000000000000000e+03
4.467000000000000000e+03
4.467000000000000000e+03
4.467000000000000000e+03
4.467000000000000000e+03
4.467000000000000000e+03
4.467000000000000000e+03
4.467000000000000000e+03
4.467000000000000000e+03
1.862800000000000000e+04
1.523100000000000000e+04
1.382000000000000000e+04
1.299200000000000000e+04
1.240200000000000000e+04
1.194300000000000000e+04
1.156600000000000000e+04
1.124700000000000000e+04
1.096900000000000000e+04
1.072300000000000000e+04
1.050200000000000000e+04
1.030100000000000000e+04
1.011700000000000000e+04
9.948000000000000000e+03
9.790000000000000000e+03
9.642000000000000000e+03
9.503000000000000000e+03
9.373000000000000000e+03
9.249000000000000000e+03
9.131000000000000000e+03
9.019000000000000000e+03
8.912000000000000000e+03
8.809000000000000000e+03
8.711000000000000000e+03
8.616000000000000000e+03
8.525000000000000000e+03
8.437000000000000000e+03
8.352000000000000000e+03
8.269000000000000000e+03
8.190000000000000000e+03
8.112000000000000000e+03
8.037000000000000000e+03
7.963000000000000000e+03
7.892000000000000000e+03
7.822000000000000000e+03
7.754000000000000000e+03
7.698000000000000000e+03
7.698000000000000000e+03
7.697000000000000000e+03
7.697000000000000000e+03
7.697000000000000000e+03
7.658000000000000000e+03
7.615000000000000000e+03
7.572000000000000000e+03
7.531000000000000000e+03
7.489000000000000000e+03
7.448000000000000000e+03
7.407000000000000000e+03
7.367000000000000000e+03
7.327000000000000000e+03
7.288000000000000000e+03
7.248000000000000000e+03
7.209000000000000000e+03
7.171000000000000000e+03
7.132000000000000000e+03
7.094000000000000000e+03
7.056000000000000000e+03
7.018000000000000000e+03
6.981000000000000000e+03
6.944000000000000000e+03
6.906000000000000000e+03
6.870000000000000000e+03
6.833000000000000000e+03
6.796000000000000000e+03
6.760000000000000000e+03
6.724000000000000000e+03
6.687000000000000000e+03
6.651000000000000000e+03
6.615000000000000000e+03
6.579000000000000000e+03
6.543000000000000000e+03
6.508000000000000000e+03
6.471000000000000000e+03
6.436000000000000000e+03
6.400000000000000000e+03
6.364000000000000000e+03
6.328000000000000000e+03
6.292000000000000000e+03
6.256000000000000000e+03
6.220000000000000000e+03
6.184000000000000000e+03
6.148000000000000000e+03
6.111000000000000000e+03
6.074000000000000000e+03
6.039000000000000000e+03
6.003000000000000000e+03
5.967000000000000000e+03
5.932000000000000000e+03
5.898000000000000000e+03
5.863000000000000000e+03
5.829000000000000000e+03
5.795000000000000000e+03
5.762000000000000000e+03
5.728000000000000000e+03
5.695000000000000000e+03
5.662000000000000000e+03
5.629000000000000000e+03
5.596000000000000000e+03
5.564000000000000000e+03
5.532000000000000000e+03
5.499000000000000000e+03
5.467000000000000000e+03
5.435000000000000000e+03
5.403000000000000000e+03
5.371000000000000000e+03
5.339000000000000000e+03
5.307000000000000000e+03
5.275000000000000000e+03
5.243000000000000000e+03
5.210000000000000000e+03
5.177000000000000000e+03
5.143000000000000000e+03
5.108000000000000000e+03
5.073000000000000000e+03
5.039000000000000000e+03
5.006000000000000000e+03
4.974000000000000000e+03
4.942000000000000000e+03
4.911000000000000000e+03
4.880000000000000000e+03
4.850000000000000000e+03
4.820000000000000000e+03
4.791000000000000000e+03
4.764000000000000000e+03
4.736000000000000000e+03
4.708000000000000000e+03
4.682000000000000000e+03
4.656000000000000000e+03
4.631000000000000000e+03
4.606000000000000000e+03
4.582000000000000000e+03
4.558000000000000000e+03
4.534000000000000000e+03
4.511000000000000000e+03
4.489000000000000000e+03
4.468000000000000000e+03
4.446000000000000000e+03
4.426000000000000000e+03
4.416000000000000000e+03
4.416000000000000000e+03
4.416000000000000000e+03
4.416000000000000000e+03
4.416000000000000000e+03
4.416000000000000000e+03
4.416000000000000000e+03
4.416000000000000000e+03
4.416000000000000000e+03
4.416000000000000000e+03
4.416000000000000000e+03
4.416000000000000000e+03
4.416000000000000000e+03
1.861300000000000000e+04
1.517300000000000000e+04
1.376400000000000000e+04
1.293700000000000000e+04
1.234800000000000000e+04
1.189000000000000000e+04
1.151400000000000000e+04
1.119500000000000000e+04
1.091700000000000000e+04
1.067200000000000000e+04
1.045100000000000000e+04
1.025100000000000000e+04
1.006700000000000000e+04
9.897000000000000000e+03
9.740000000000000000e+03
9.593000000000000000e+03
9.454000000000000000e+03
9.324000000000000000e+03
9.200000000000000000e+03
9.083000000000000000e+03
8.971000000000000000e+03
8.864000000000000000e+03
8.761000000000000000e+03
8.663000000000000000e+03
8.569000000000000000e+03
8.478000000000000000e+03
8.390000000000000000e+03
8.305000000000000000e+03
8.223000000000000000e+03
8.143000000000000000e+03
8.065000000000000000e+03
7.990000000000000000e+03
7.917000000000000000e+03
7.846000000000000000e+03
7.776000000000000000e+03
7.708000000000000000e+03
7.642000000000000000e+03
7.588000000000000000e+03
7.588000000000000000e+03
7.588000000000000000e+03
7.588000000000000000e+03
7.587000000000000000e+03
7.560000000000000000e+03
7.518000000000000000e+03
7.476000000000000000e+03
7.435000000000000000e+03
7.395000000000000000e+03
7.354000000000000000e+03
7.314000000000000000e+03
7.274000000000000000e+03
7.235000000000000000e+03
7.196000000000000000e+03
7.157000000000000000e+03
7.119000000000000000e+03
7.080000000000000000e+03
7.043000000000000000e+03
7.005000000000000000e+03
6.968000000000000000e+03
6.931000000000000000e+03
6.894000000000000000e+03
6.856000000000000000e+03
6.820000000000000000e+03
6.784000000000000000e+03
6.748000000000000000e+03
6.711000000000000000e+03
6.675000000000000000e+03
6.639000000000000000e+03
6.603000000000000000e+03
6.567000000000000000e+03
6.532000000000000000e+03
6.496000000000000000e+03
6.460000000000000000e+03
6.425000000000000000e+03
6.389000000000000000e+03
6.354000000000000000e+03
6.318000000000000000e+03
6.282000000000000000e+03
6.246000000000000000e+03
6.210000000000000000e+03
6.175000000000000000e+03
6.139000000000000000e+03
6.103000000000000000e+03
6.067000000000000000e+03
6.030000000000000000e+03
5.995000000000000000e+03
5.959000000000000000e+03
5.924000000000000000e+03
5.889000000000000000e+03
5.854000000000000000e+03
5.820000000000000000e+03
5.786000000000000000e+03
5.752000000000000000e+03
5.719000000000000000e+03
5.685000000000000000e+03
5.652000000000000000e+03
5.619000000000000000e+03
5.587000000000000000e+03
5.554000000000000000e+03
5.521000000000000000e+03
5.489000000000000000e+03
5.457000000000000000e+03
5.426000000000000000e+03
5.393000000000000000e+03
5.362000000000000000e+03
5.330000000000000000e+03
5.297000000000000000e+03
5.266000000000000000e+03
5.234000000000000000e+03
5.202000000000000000e+03
5.170000000000000000e+03
5.137000000000000000e+03
5.104000000000000000e+03
5.069000000000000000e+03
5.034000000000000000e+03
5.000000000000000000e+03
4.967000000000000000e+03
4.934000000000000000e+03
4.902000000000000000e+03
4.871000000000000000e+03
4.840000000000000000e+03
4.810000000000000000e+03
4.780000000000000000e+03
4.751000000000000000e+03
4.724000000000000000e+03
4.696000000000000000e+03
4.668000000000000000e+03
4.642000000000000000e+03
4.616000000000000000e+03
4.590000000000000000e+03
4.565000000000000000e+03
4.541000000000000000e+03
4.517000000000000000e+03
4.493000000000000000e+03
4.470000000000000000e+03
4.447000000000000000e+03
4.425000000000000000e+03
4.405000000000000000e+03
4.384000000000000000e+03
4.365000000000000000e+03
4.365000000000000000e+03
4.365000000000000000e+03
4.365000000000000000e+03
4.365000000000000000e+03
4.365000000000000000e+03
4.365000000000000000e+03
4.365000000000000000e+03
4.365000000000000000e+03
4.365000000000000000e+03
4.365000000000000000e+03
4.365000000000000000e+03
4.365000000000000000e+03
1.859800000000000000e+04
1.511500000000000000e+04
1.370800000000000000e+04
1.288200000000000000e+04
1.229400000000000000e+04
1.183600000000000000e+04
1.146100000000000000e+04
1.114200000000000000e+04
1.086500000000000000e+04
1.062000000000000000e+04
1.040000000000000000e+04
1.020000000000000000e+04
1.001700000000000000e+04
9.847000000000000000e+03
9.690000000000000000e+03
9.543000000000000000e+03
9.405000000000000000e+03
9.275000000000000000e+03
9.151000000000000000e+03
9.034000000000000000e+03
8.922000000000000000e+03
8.816000000000000000e+03
8.714000000000000000e+03
8.615000000000000000e+03
8.521000000000000000e+03
8.430000000000000000e+03
8.343000000000000000e+03
8.258000000000000000e+03
8.176000000000000000e+03
8.096000000000000000e+03
8.019000000000000000e+03
7.944000000000000000e+03
7.871000000000000000e+03
7.800000000000000000e+03
7.730000000000000000e+03
7.662000000000000000e+03
7.596000000000000000e+03
7.531000000000000000e+03
7.481000000000000000e+03
7.481000000000000000e+03
7.481000000000000000e+03
7.480000000000000000e+03
7.480000000000000000e+03
7.463000000000000000e+03
7.422000000000000000e+03
7.381000000000000000e+03
7.341000000000000000e+03
7.301000000000000000e+03
7.261000000000000000e+03
7.221000000000000000e+03
7.183000000000000000e+03
7.144000000000000000e+03
7.105000000000000000e+03
7.067000000000000000e+03
7.029000000000000000e+03
6.991000000000000000e+03
6.954000000000000000e+03
6.917000000000000000e+03
6.880000000000000000e+03
6.843000000000000000e+03
6.807000000000000000e+03
6.770000000000000000e+03
6.734000000000000000e+03
6.698000000000000000e+03
6.662000000000000000e+03
6.626000000000000000e+03
6.591000000000000000e+03
6.555000000000000000e+03
6.519000000000000000e+03
6.484000000000000000e+03
6.448000000000000000e+03
6.413000000000000000e+03
6.378000000000000000e+03
6.342000000000000000e+03
6.308000000000000000e+03
6.272000000000000000e+03
6.236000000000000000e+03
6.201000000000000000e+03
6.165000000000000000e+03
6.130000000000000000e+03
6.094000000000000000e+03
6.058000000000000000e+03
6.023000000000000000e+03
5.987000000000000000e+03
5.950000000000000000e+03
5.916000000000000000e+03
5.880000000000000000e+03
5.845000000000000000e+03
5.810000000000000000e+03
5.776000000000000000e+03
5.742000000000000000e+03
5.709000000000000000e+03
5.675000000000000000e+03
5.642000000000000000e+03
5.609000000000000000e+03
5.577000000000000000e+03
5.544000000000000000e+03
5.512000000000000000e+03
5.479000000000000000e+03
5.448000000000000000e+03
5.415000000000000000e+03
5.383000000000000000e+03
5.352000000000000000e+03
5.320000000000000000e+03
5.289000000000000000e+03
5.257000000000000000e+03
5.225000000000000000e+03
5.193000000000000000e+03
5.162000000000000000e+03
5.130000000000000000e+03
5.097000000000000000e+03
5.064000000000000000e+03
5.030000000000000000e+03
4.996000000000000000e+03
4.962000000000000000e+03
4.928000000000000000e+03
4.896000000000000000e+03
4.863000000000000000e+03
4.832000000000000000e+03
4.801000000000000000e+03
4.771000000000000000e+03
4.741000000000000000e+03
4.712000000000000000e+03
4.684000000000000000e+03
4.656000000000000000e+03
4.628000000000000000e+03
4.602000000000000000e+03
4.575000000000000000e+03
4.550000000000000000e+03
4.525000000000000000e+03
4.500000000000000000e+03
4.476000000000000000e+03
4.452000000000000000e+03
4.429000000000000000e+03
4.407000000000000000e+03
4.385000000000000000e+03
4.363000000000000000e+03
4.342000000000000000e+03
4.322000000000000000e+03
4.315000000000000000e+03
4.315000000000000000e+03
4.315000000000000000e+03
4.315000000000000000e+03
4.315000000000000000e+03
4.315000000000000000e+03
4.315000000000000000e+03
4.315000000000000000e+03
4.315000000000000000e+03
4.315000000000000000e+03
4.315000000000000000e+03
4.315000000000000000e+03
1.858400000000000000e+04
1.506000000000000000e+04
1.365500000000000000e+04
1.283100000000000000e+04
1.224300000000000000e+04
1.178600000000000000e+04
1.141200000000000000e+04
1.109400000000000000e+04
1.081700000000000000e+04
1.057200000000000000e+04
1.035200000000000000e+04
1.015300000000000000e+04
9.970000000000000000e+03
9.801000000000000000e+03
9.644000000000000000e+03
9.497000000000000000e+03
9.359000000000000000e+03
9.229000000000000000e+03
9.106000000000000000e+03
8.989000000000000000e+03
8.877000000000000000e+03
8.771000000000000000e+03
8.669000000000000000e+03
8.571000000000000000e+03
8.477000000000000000e+03
8.386000000000000000e+03
8.299000000000000000e+03
8.214000000000000000e+03
8.132000000000000000e+03
8.053000000000000000e+03
7.976000000000000000e+03
7.901000000000000000e+03
7.828000000000000000e+03
7.757000000000000000e+03
7.687000000000000000e+03
7.620000000000000000e+03
7.554000000000000000e+03
7.489000000000000000e+03
7.426000000000000000e+03
7.378000000000000000e+03
7.378000000000000000e+03
7.378000000000000000e+03
7.378000000000000000e+03
7.377000000000000000e+03
7.372000000000000000e+03
7.331000000000000000e+03
7.291000000000000000e+03
7.251000000000000000e+03
7.211000000000000000e+03
7.172000000000000000e+03
7.133000000000000000e+03
7.094000000000000000e+03
7.056000000000000000e+03
7.019000000000000000e+03
6.981000000000000000e+03
6.943000000000000000e+03
6.906000000000000000e+03
6.869000000000000000e+03
6.833000000000000000e+03
6.796000000000000000e+03
6.760000000000000000e+03
6.724000000000000000e+03
6.688000000000000000e+03
6.652000000000000000e+03
6.616000000000000000e+03
6.581000000000000000e+03
6.545000000000000000e+03
6.510000000000000000e+03
6.474000000000000000e+03
6.439000000000000000e+03
6.404000000000000000e+03
6.369000000000000000e+03
6.334000000000000000e+03
6.299000000000000000e+03
6.264000000000000000e+03
6.229000000000000000e+03
6.193000000000000000e+03
6.159000000000000000e+03
6.124000000000000000e+03
6.088000000000000000e+03
6.053000000000000000e+03
6.018000000000000000e+03
5.981000000000000000e+03
5.946000000000000000e+03
5.910000000000000000e+03
5.875000000000000000e+03
5.840000000000000000e+03
5.805000000000000000e+03
5.770000000000000000e+03
5.736000000000000000e+03
5.702000000000000000e+03
5.669000000000000000e+03
5.636000000000000000e+03
5.602000000000000000e+03
5.570000000000000000e+03
5.537000000000000000e+03
5.504000000000000000e+03
5.472000000000000000e+03
5.440000000000000000e+03
5.408000000000000000e+03
5.376000000000000000e+03
5.345000000000000000e+03
5.312000000000000000e+03
5.281000000000000000e+03
5.249000000000000000e+03
5.218000000000000000e+03
5.186000000000000000e+03
5.155000000000000000e+03
5.124000000000000000e+03
5.092000000000000000e+03
5.060000000000000000e+03
5.028000000000000000e+03
4.995000000000000000e+03
4.960000000000000000e+03
4.926000000000000000e+03
4.892000000000000000e+03
4.859000000000000000e+03
4.827000000000000000e+03
4.795000000000000000e+03
4.764000000000000000e+03
4.734000000000000000e+03
4.704000000000000000e+03
4.675000000000000000e+03
4.647000000000000000e+03
4.619000000000000000e+03
4.591000000000000000e+03
4.565000000000000000e+03
4.538000000000000000e+03
4.512000000000000000e+03
4.487000000000000000e+03
4.462000000000000000e+03
4.438000000000000000e+03
4.414000000000000000e+03
4.391000000000000000e+03
4.369000000000000000e+03
4.346000000000000000e+03
4.325000000000000000e+03
4.303000000000000000e+03
4.283000000000000000e+03
4.267000000000000000e+03
4.267000000000000000e+03
4.267000000000000000e+03
4.267000000000000000e+03
4.267000000000000000e+03
4.267000000000000000e+03
4.267000000000000000e+03
4.267000000000000000e+03
4.267000000000000000e+03
4.267000000000000000e+03
4.267000000000000000e+03
4.267000000000000000e+03
1.857000000000000000e+04
1.500500000000000000e+04
1.360200000000000000e+04
1.277900000000000000e+04
1.219300000000000000e+04
1.173600000000000000e+04
1.136200000000000000e+04
1.104500000000000000e+04
1.076900000000000000e+04
1.052400000000000000e+04
1.030500000000000000e+04
1.010500000000000000e+04
9.923000000000000000e+03
9.754000000000000000e+03
9.597000000000000000e+03
9.451000000000000000e+03
9.313000000000000000e+03
9.183000000000000000e+03
9.060000000000000000e+03
8.943000000000000000e+03
8.832000000000000000e+03
8.726000000000000000e+03
8.624000000000000000e+03
8.526000000000000000e+03
8.432000000000000000e+03
8.342000000000000000e+03
8.255000000000000000e+03
8.170000000000000000e+03
8.088000000000000000e+03
8.009000000000000000e+03
7.932000000000000000e+03
7.857000000000000000e+03
7.785000000000000000e+03
7.714000000000000000e+03
7.645000000000000000e+03
7.577000000000000000e+03
7.511000000000000000e+03
7.447000000000000000e+03
7.384000000000000000e+03
7.322000000000000000e+03
7.277000000000000000e+03
7.277000000000000000e+03
7.277000000000000000e+03
7.276000000000000000e+03
7.276000000000000000e+03
7.275000000000000000e+03
7.241000000000000000e+03
7.201000000000000000e+03
7.161000000000000000e+03
7.122000000000000000e+03
7.084000000000000000e+03
7.046000000000000000e+03
7.008000000000000000e+03
6.970000000000000000e+03
6.933000000000000000e+03
6.896000000000000000e+03
6.859000000000000000e+03
6.822000000000000000e+03
6.785000000000000000e+03
6.749000000000000000e+03
6.713000000000000000e+03
6.677000000000000000e+03
6.641000000000000000e+03
6.605000000000000000e+03
6.570000000000000000e+03
6.535000000000000000e+03
6.500000000000000000e+03
6.464000000000000000e+03
6.430000000000000000e+03
6.395000000000000000e+03
6.360000000000000000e+03
6.325000000000000000e+03
6.290000000000000000e+03
6.255000000000000000e+03
6.221000000000000000e+03
6.186000000000000000e+03
6.151000000000000000e+03
6.116000000000000000e+03
6.081000000000000000e+03
6.046000000000000000e+03
6.011000000000000000e+03
5.976000000000000000e+03
5.941000000000000000e+03
5.905000000000000000e+03
5.869000000000000000e+03
5.834000000000000000e+03
5.799000000000000000e+03
5.765000000000000000e+03
5.730000000000000000e+03
5.696000000000000000e+03
5.662000000000000000e+03
5.629000000000000000e+03
5.596000000000000000e+03
5.562000000000000000e+03
5.530000000000000000e+03
5.497000000000000000e+03
5.464000000000000000e+03
5.433000000000000000e+03
5.401000000000000000e+03
5.369000000000000000e+03
5.337000000000000000e+03
5.305000000000000000e+03
5.274000000000000000e+03
5.243000000000000000e+03
5.211000000000000000e+03
5.180000000000000000e+03
5.149000000000000000e+03
5.117000000000000000e+03
5.086000000000000000e+03
5.055000000000000000e+03
5.023000000000000000e+03
4.991000000000000000e+03
4.959000000000000000e+03
4.924000000000000000e+03
4.890000000000000000e+03
4.856000000000000000e+03
4.823000000000000000e+03
4.791000000000000000e+03
4.759000000000000000e+03
4.728000000000000000e+03
4.698000000000000000e+03
4.668000000000000000e+03
4.639000000000000000e+03
4.610000000000000000e+03
4.582000000000000000e+03
4.554000000000000000e+03
4.528000000000000000e+03
4.501000000000000000e+03
4.475000000000000000e+03
4.450000000000000000e+03
4.425000000000000000e+03
4.400000000000000000e+03
4.377000000000000000e+03
4.354000000000000000e+03
4.330000000000000000e+03
4.308000000000000000e+03
4.286000000000000000e+03
4.265000000000000000e+03
4.244000000000000000e+03
4.225000000000000000e+03
4.220000000000000000e+03
4.220000000000000000e+03
4.220000000000000000e+03
4.220000000000000000e+03
4.220000000000000000e+03
4.220000000000000000e+03
4.220000000000000000e+03
4.220000000000000000e+03
4.220000000000000000e+03
4.220000000000000000e+03
4.220000000000000000e+03
1.855600000000000000e+04
1.494900000000000000e+04
1.354900000000000000e+04
1.272700000000000000e+04
1.214200000000000000e+04
1.168600000000000000e+04
1.131300000000000000e+04
1.099600000000000000e+04
1.072000000000000000e+04
1.047600000000000000e+04
1.025700000000000000e+04
1.005800000000000000e+04
9.875000000000000000e+03
9.707000000000000000e+03
9.551000000000000000e+03
9.404000000000000000e+03
9.267000000000000000e+03
9.137000000000000000e+03
9.015000000000000000e+03
8.898000000000000000e+03
8.787000000000000000e+03
8.681000000000000000e+03
8.579000000000000000e+03
8.482000000000000000e+03
8.388000000000000000e+03
8.298000000000000000e+03
8.211000000000000000e+03
8.126000000000000000e+03
8.045000000000000000e+03
7.966000000000000000e+03
7.889000000000000000e+03
7.814000000000000000e+03
7.742000000000000000e+03
7.671000000000000000e+03
7.602000000000000000e+03
7.535000000000000000e+03
7.469000000000000000e+03
7.405000000000000000e+03
7.342000000000000000e+03
7.280000000000000000e+03
7.220000000000000000e+03
7.177000000000000000e+03
7.177000000000000000e+03
7.177000000000000000e+03
7.177000000000000000e+03
7.176000000000000000e+03
7.176000000000000000e+03
7.150000000000000000e+03
7.112000000000000000e+03
7.073000000000000000e+03
7.035000000000000000e+03
6.996000000000000000e+03
6.959000000000000000e+03
6.921000000000000000e+03
6.884000000000000000e+03
6.847000000000000000e+03
6.811000000000000000e+03
6.775000000000000000e+03
6.738000000000000000e+03
6.702000000000000000e+03
6.666000000000000000e+03
6.631000000000000000e+03
6.595000000000000000e+03
6.559000000000000000e+03
6.524000000000000000e+03
6.489000000000000000e+03
6.454000000000000000e+03
6.420000000000000000e+03
6.385000000000000000e+03
6.350000000000000000e+03
6.315000000000000000e+03
6.280000000000000000e+03
6.246000000000000000e+03
6.212000000000000000e+03
6.177000000000000000e+03
6.143000000000000000e+03
6.108000000000000000e+03
6.074000000000000000e+03
6.039000000000000000e+03
6.004000000000000000e+03
5.969000000000000000e+03
5.934000000000000000e+03
5.899000000000000000e+03
5.864000000000000000e+03
5.829000000000000000e+03
5.793000000000000000e+03
5.759000000000000000e+03
5.724000000000000000e+03
5.690000000000000000e+03
5.656000000000000000e+03
5.623000000000000000e+03
5.589000000000000000e+03
5.555000000000000000e+03
5.523000000000000000e+03
5.490000000000000000e+03
5.457000000000000000e+03
5.425000000000000000e+03
5.394000000000000000e+03
5.362000000000000000e+03
5.330000000000000000e+03
5.298000000000000000e+03
5.267000000000000000e+03
5.235000000000000000e+03
5.204000000000000000e+03
5.173000000000000000e+03
5.141000000000000000e+03
5.111000000000000000e+03
5.079000000000000000e+03
5.048000000000000000e+03
5.016000000000000000e+03
4.985000000000000000e+03
4.954000000000000000e+03
4.922000000000000000e+03
4.889000000000000000e+03
4.855000000000000000e+03
4.821000000000000000e+03
4.788000000000000000e+03
4.755000000000000000e+03
4.723000000000000000e+03
4.692000000000000000e+03
4.662000000000000000e+03
4.631000000000000000e+03
4.602000000000000000e+03
4.574000000000000000e+03
4.545000000000000000e+03
4.518000000000000000e+03
4.491000000000000000e+03
4.464000000000000000e+03
4.438000000000000000e+03
4.413000000000000000e+03
4.387000000000000000e+03
4.363000000000000000e+03
4.339000000000000000e+03
4.315000000000000000e+03
4.293000000000000000e+03
4.270000000000000000e+03
4.248000000000000000e+03
4.227000000000000000e+03
4.206000000000000000e+03
4.186000000000000000e+03
4.173000000000000000e+03
4.173000000000000000e+03
4.173000000000000000e+03
4.173000000000000000e+03
4.173000000000000000e+03
4.173000000000000000e+03
4.173000000000000000e+03
4.173000000000000000e+03
4.173000000000000000e+03
4.173000000000000000e+03
4.173000000000000000e+03
1.854300000000000000e+04
1.489800000000000000e+04
1.350000000000000000e+04
1.267900000000000000e+04
1.209500000000000000e+04
1.164000000000000000e+04
1.126700000000000000e+04
1.095000000000000000e+04
1.067500000000000000e+04
1.043100000000000000e+04
1.021200000000000000e+04
1.001400000000000000e+04
9.832000000000000000e+03
9.664000000000000000e+03
9.507000000000000000e+03
9.361000000000000000e+03
9.224000000000000000e+03
9.095000000000000000e+03
8.972000000000000000e+03
8.856000000000000000e+03
8.745000000000000000e+03
8.639000000000000000e+03
8.538000000000000000e+03
8.440000000000000000e+03
8.347000000000000000e+03
8.257000000000000000e+03
8.170000000000000000e+03
8.086000000000000000e+03
8.004000000000000000e+03
7.925000000000000000e+03
7.849000000000000000e+03
7.774000000000000000e+03
7.702000000000000000e+03
7.631000000000000000e+03
7.562000000000000000e+03
7.495000000000000000e+03
7.430000000000000000e+03
7.365000000000000000e+03
7.303000000000000000e+03
7.241000000000000000e+03
7.181000000000000000e+03
7.122000000000000000e+03
7.082000000000000000e+03
7.082000000000000000e+03
7.082000000000000000e+03
7.082000000000000000e+03
7.081000000000000000e+03
7.081000000000000000e+03
7.065000000000000000e+03
7.026000000000000000e+03
6.988000000000000000e+03
6.951000000000000000e+03
6.913000000000000000e+03
6.876000000000000000e+03
6.840000000000000000e+03
6.803000000000000000e+03
6.766000000000000000e+03
6.730000000000000000e+03
6.694000000000000000e+03
6.658000000000000000e+03
6.622000000000000000e+03
6.587000000000000000e+03
6.552000000000000000e+03
6.517000000000000000e+03
6.482000000000000000e+03
6.447000000000000000e+03
6.412000000000000000e+03
6.377000000000000000e+03
6.343000000000000000e+03
6.308000000000000000e+03
6.274000000000000000e+03
6.239000000000000000e+03
6.205000000000000000e+03
6.171000000000000000e+03
6.137000000000000000e+03
6.102000000000000000e+03
6.069000000000000000e+03
6.034000000000000000e+03
5.999000000000000000e+03
5.965000000000000000e+03
5.930000000000000000e+03
5.896000000000000000e+03
5.861000000000000000e+03
5.826000000000000000e+03
5.791000000000000000e+03
5.756000000000000000e+03
5.722000000000000000e+03
5.687000000000000000e+03
5.652000000000000000e+03
5.619000000000000000e+03
5.585000000000000000e+03
5.552000000000000000e+03
5.519000000000000000e+03
5.486000000000000000e+03
5.453000000000000000e+03
5.421000000000000000e+03
5.389000000000000000e+03
5.357000000000000000e+03
5.325000000000000000e+03
5.293000000000000000e+03
5.262000000000000000e+03
5.230000000000000000e+03
5.199000000000000000e+03
5.168000000000000000e+03
5.137000000000000000e+03
5.106000000000000000e+03
5.075000000000000000e+03
5.044000000000000000e+03
5.013000000000000000e+03
4.982000000000000000e+03
4.951000000000000000e+03
4.920000000000000000e+03
4.888000000000000000e+03
4.856000000000000000e+03
4.823000000000000000e+03
4.788000000000000000e+03
4.755000000000000000e+03
4.722000000000000000e+03
4.690000000000000000e+03
4.659000000000000000e+03
4.628000000000000000e+03
4.599000000000000000e+03
4.569000000000000000e+03
4.540000000000000000e+03
4.512000000000000000e+03
4.484000000000000000e+03
4.457000000000000000e+03
4.430000000000000000e+03
4.404000000000000000e+03
4.378000000000000000e+03
4.353000000000000000e+03
4.329000000000000000e+03
4.305000000000000000e+03
4.281000000000000000e+03
4.258000000000000000e+03
4.235000000000000000e+03
4.213000000000000000e+03
4.192000000000000000e+03
4.170000000000000000e+03
4.151000000000000000e+03
4.130000000000000000e+03
4.129000000000000000e+03
4.129000000000000000e+03
4.129000000000000000e+03
4.129000000000000000e+03
4.129000000000000000e+03
4.129000000000000000e+03
4.129000000000000000e+03
4.129000000000000000e+03
4.129000000000000000e+03
4.129000000000000000e+03
1.853000000000000000e+04
1.484600000000000000e+04
1.345000000000000000e+04
1.263100000000000000e+04
1.204700000000000000e+04
1.159300000000000000e+04
1.122100000000000000e+04
1.090400000000000000e+04
1.063000000000000000e+04
1.038600000000000000e+04
1.016800000000000000e+04
9.970000000000000000e+03
9.788000000000000000e+03
9.620000000000000000e+03
9.464000000000000000e+03
9.318000000000000000e+03
9.181000000000000000e+03
9.052000000000000000e+03
8.930000000000000000e+03
8.814000000000000000e+03
8.703000000000000000e+03
8.597000000000000000e+03
8.496000000000000000e+03
8.399000000000000000e+03
8.306000000000000000e+03
8.216000000000000000e+03
8.129000000000000000e+03
8.045000000000000000e+03
7.964000000000000000e+03
7.885000000000000000e+03
7.809000000000000000e+03
7.734000000000000000e+03
7.662000000000000000e+03
7.591000000000000000e+03
7.523000000000000000e+03
7.456000000000000000e+03
7.390000000000000000e+03
7.326000000000000000e+03
7.264000000000000000e+03
7.202000000000000000e+03
7.142000000000000000e+03
7.083000000000000000e+03
7.026000000000000000e+03
6.989000000000000000e+03
6.989000000000000000e+03
6.988000000000000000e+03
6.988000000000000000e+03
6.988000000000000000e+03
6.987000000000000000e+03
6.980000000000000000e+03
6.942000000000000000e+03
6.905000000000000000e+03
6.868000000000000000e+03
6.831000000000000000e+03
6.794000000000000000e+03
6.758000000000000000e+03
6.722000000000000000e+03
6.685000000000000000e+03
6.650000000000000000e+03
6.614000000000000000e+03
6.579000000000000000e+03
6.544000000000000000e+03
6.509000000000000000e+03
6.474000000000000000e+03
6.439000000000000000e+03
6.404000000000000000e+03
6.370000000000000000e+03
6.336000000000000000e+03
6.301000000000000000e+03
6.267000000000000000e+03
6.233000000000000000e+03
6.199000000000000000e+03
6.164000000000000000e+03
6.131000000000000000e+03
6.097000000000000000e+03
6.062000000000000000e+03
6.029000000000000000e+03
5.994000000000000000e+03
5.960000000000000000e+03
5.926000000000000000e+03
5.892000000000000000e+03
5.858000000000000000e+03
5.823000000000000000e+03
5.789000000000000000e+03
5.754000000000000000e+03
5.719000000000000000e+03
5.684000000000000000e+03
5.650000000000000000e+03
5.615000000000000000e+03
5.581000000000000000e+03
5.549000000000000000e+03
5.515000000000000000e+03
5.482000000000000000e+03
5.449000000000000000e+03
5.417000000000000000e+03
5.385000000000000000e+03
5.352000000000000000e+03
5.320000000000000000e+03
5.289000000000000000e+03
5.257000000000000000e+03
5.226000000000000000e+03
5.195000000000000000e+03
5.164000000000000000e+03
5.132000000000000000e+03
5.102000000000000000e+03
5.071000000000000000e+03
5.040000000000000000e+03
5.010000000000000000e+03
4.978000000000000000e+03
4.947000000000000000e+03
4.917000000000000000e+03
4.886000000000000000e+03
4.854000000000000000e+03
4.823000000000000000e+03
4.790000000000000000e+03
4.756000000000000000e+03
4.723000000000000000e+03
4.690000000000000000e+03
4.658000000000000000e+03
4.626000000000000000e+03
4.596000000000000000e+03
4.566000000000000000e+03
4.536000000000000000e+03
4.507000000000000000e+03
4.478000000000000000e+03
4.450000000000000000e+03
4.423000000000000000e+03
4.396000000000000000e+03
4.370000000000000000e+03
4.344000000000000000e+03
4.319000000000000000e+03
4.295000000000000000e+03
4.271000000000000000e+03
4.246000000000000000e+03
4.223000000000000000e+03
4.201000000000000000e+03
4.179000000000000000e+03
4.157000000000000000e+03
4.136000000000000000e+03
4.115000000000000000e+03
4.095000000000000000e+03
4.085000000000000000e+03
4.085000000000000000e+03
4.085000000000000000e+03
4.085000000000000000e+03
4.085000000000000000e+03
4.085000000000000000e+03
4.085000000000000000e+03
4.085000000000000000e+03
4.085000000000000000e+03
4.085000000000000000e+03
1.851700000000000000e+04
1.479500000000000000e+04
1.340100000000000000e+04
1.258200000000000000e+04
1.200000000000000000e+04
1.154600000000000000e+04
1.117400000000000000e+04
1.085900000000000000e+04
1.058400000000000000e+04
1.034200000000000000e+04
1.012400000000000000e+04
9.926000000000000000e+03
9.744000000000000000e+03
9.577000000000000000e+03
9.421000000000000000e+03
9.275000000000000000e+03
9.139000000000000000e+03
9.010000000000000000e+03
8.888000000000000000e+03
8.772000000000000000e+03
8.661000000000000000e+03
8.556000000000000000e+03
8.455000000000000000e+03
8.358000000000000000e+03
8.265000000000000000e+03
8.175000000000000000e+03
8.088000000000000000e+03
8.004000000000000000e+03
7.923000000000000000e+03
7.845000000000000000e+03
7.768000000000000000e+03
7.694000000000000000e+03
7.622000000000000000e+03
7.552000000000000000e+03
7.483000000000000000e+03
7.416000000000000000e+03
7.351000000000000000e+03
7.287000000000000000e+03
7.225000000000000000e+03
7.164000000000000000e+03
7.104000000000000000e+03
7.045000000000000000e+03
6.987000000000000000e+03
6.931000000000000000e+03
6.896000000000000000e+03
6.896000000000000000e+03
6.896000000000000000e+03
6.896000000000000000e+03
6.895000000000000000e+03
6.895000000000000000e+03
6.894000000000000000e+03
6.859000000000000000e+03
6.822000000000000000e+03
6.786000000000000000e+03
6.749000000000000000e+03
6.713000000000000000e+03
6.677000000000000000e+03
6.641000000000000000e+03
6.606000000000000000e+03
6.570000000000000000e+03
6.535000000000000000e+03
6.500000000000000000e+03
6.466000000000000000e+03
6.430000000000000000e+03
6.397000000000000000e+03
6.362000000000000000e+03
6.328000000000000000e+03
6.293000000000000000e+03
6.259000000000000000e+03
6.225000000000000000e+03
6.192000000000000000e+03
6.158000000000000000e+03
6.124000000000000000e+03
6.090000000000000000e+03
6.056000000000000000e+03
6.022000000000000000e+03
5.989000000000000000e+03
5.955000000000000000e+03
5.921000000000000000e+03
5.887000000000000000e+03
5.853000000000000000e+03
5.819000000000000000e+03
5.785000000000000000e+03
5.751000000000000000e+03
5.716000000000000000e+03
5.682000000000000000e+03
5.647000000000000000e+03
5.612000000000000000e+03
5.579000000000000000e+03
5.545000000000000000e+03
5.511000000000000000e+03
5.478000000000000000e+03
5.445000000000000000e+03
5.412000000000000000e+03
5.380000000000000000e+03
5.348000000000000000e+03
5.316000000000000000e+03
5.285000000000000000e+03
5.253000000000000000e+03
5.221000000000000000e+03
5.190000000000000000e+03
5.159000000000000000e+03
5.128000000000000000e+03
5.097000000000000000e+03
5.067000000000000000e+03
5.035000000000000000e+03
5.005000000000000000e+03
4.974000000000000000e+03
4.944000000000000000e+03
4.913000000000000000e+03
4.882000000000000000e+03
4.852000000000000000e+03
4.821000000000000000e+03
4.789000000000000000e+03
4.757000000000000000e+03
4.724000000000000000e+03
4.691000000000000000e+03
4.658000000000000000e+03
4.625000000000000000e+03
4.594000000000000000e+03
4.563000000000000000e+03
4.533000000000000000e+03
4.503000000000000000e+03
4.474000000000000000e+03
4.445000000000000000e+03
4.417000000000000000e+03
4.390000000000000000e+03
4.363000000000000000e+03
4.336000000000000000e+03
4.311000000000000000e+03
4.285000000000000000e+03
4.261000000000000000e+03
4.236000000000000000e+03
4.212000000000000000e+03
4.189000000000000000e+03
4.167000000000000000e+03
4.144000000000000000e+03
4.122000000000000000e+03
4.101000000000000000e+03
4.080000000000000000e+03
4.059000000000000000e+03
4.041000000000000000e+03
4.041000000000000000e+03
4.041000000000000000e+03
4.041000000000000000e+03
4.041000000000000000e+03
4.041000000000000000e+03
4.041000000000000000e+03
4.041000000000000000e+03
4.041000000000000000e+03
4.041000000000000000e+03
1.850500000000000000e+04
1.474700000000000000e+04
1.335500000000000000e+04
1.253800000000000000e+04
1.195600000000000000e+04
1.150300000000000000e+04
1.113200000000000000e+04
1.081700000000000000e+04
1.054300000000000000e+04
1.030000000000000000e+04
1.008200000000000000e+04
9.885000000000000000e+03
9.704000000000000000e+03
9.536000000000000000e+03
9.381000000000000000e+03
9.236000000000000000e+03
9.099000000000000000e+03
8.970000000000000000e+03
8.849000000000000000e+03
8.733000000000000000e+03
8.623000000000000000e+03
8.517000000000000000e+03
8.417000000000000000e+03
8.320000000000000000e+03
8.227000000000000000e+03
8.137000000000000000e+03
8.051000000000000000e+03
7.967000000000000000e+03
7.886000000000000000e+03
7.808000000000000000e+03
7.731000000000000000e+03
7.657000000000000000e+03
7.585000000000000000e+03
7.515000000000000000e+03
7.447000000000000000e+03
7.380000000000000000e+03
7.315000000000000000e+03
7.251000000000000000e+03
7.189000000000000000e+03
7.128000000000000000e+03
7.068000000000000000e+03
7.010000000000000000e+03
6.952000000000000000e+03
6.895000000000000000e+03
6.840000000000000000e+03
6.808000000000000000e+03
6.808000000000000000e+03
6.808000000000000000e+03
6.808000000000000000e+03
6.807000000000000000e+03
6.807000000000000000e+03
6.806000000000000000e+03
6.780000000000000000e+03
6.744000000000000000e+03
6.707000000000000000e+03
6.671000000000000000e+03
6.635000000000000000e+03
6.600000000000000000e+03
6.565000000000000000e+03
6.530000000000000000e+03
6.495000000000000000e+03
6.460000000000000000e+03
6.425000000000000000e+03
6.391000000000000000e+03
6.356000000000000000e+03
6.323000000000000000e+03
6.288000000000000000e+03
6.254000000000000000e+03
6.221000000000000000e+03
6.187000000000000000e+03
6.153000000000000000e+03
6.120000000000000000e+03
6.086000000000000000e+03
6.052000000000000000e+03
6.019000000000000000e+03
5.985000000000000000e+03
5.952000000000000000e+03
5.918000000000000000e+03
5.885000000000000000e+03
5.851000000000000000e+03
5.817000000000000000e+03
5.784000000000000000e+03
5.750000000000000000e+03
5.716000000000000000e+03
5.682000000000000000e+03
5.647000000000000000e+03
5.612000000000000000e+03
5.578000000000000000e+03
5.545000000000000000e+03
5.511000000000000000e+03
5.477000000000000000e+03
5.445000000000000000e+03
5.412000000000000000e+03
5.379000000000000000e+03
5.346000000000000000e+03
5.315000000000000000e+03
5.283000000000000000e+03
5.251000000000000000e+03
5.219000000000000000e+03
5.189000000000000000e+03
5.157000000000000000e+03
5.126000000000000000e+03
5.095000000000000000e+03
5.065000000000000000e+03
5.034000000000000000e+03
5.003000000000000000e+03
4.973000000000000000e+03
4.942000000000000000e+03
4.912000000000000000e+03
4.881000000000000000e+03
4.851000000000000000e+03
4.820000000000000000e+03
4.789000000000000000e+03
4.758000000000000000e+03
4.727000000000000000e+03
4.694000000000000000e+03
4.661000000000000000e+03
4.628000000000000000e+03
4.596000000000000000e+03
4.564000000000000000e+03
4.533000000000000000e+03
4.502000000000000000e+03
4.472000000000000000e+03
4.443000000000000000e+03
4.415000000000000000e+03
4.387000000000000000e+03
4.359000000000000000e+03
4.332000000000000000e+03
4.306000000000000000e+03
4.280000000000000000e+03
4.255000000000000000e+03
4.229000000000000000e+03
4.205000000000000000e+03
4.181000000000000000e+03
4.158000000000000000e+03
4.135000000000000000e+03
4.113000000000000000e+03
4.090000000000000000e+03
4.069000000000000000e+03
4.048000000000000000e+03
4.027000000000000000e+03
4.008000000000000000e+03
4.001000000000000000e+03
4.001000000000000000e+03
4.001000000000000000e+03
4.001000000000000000e+03
4.001000000000000000e+03
4.001000000000000000e+03
4.001000000000000000e+03
4.001000000000000000e+03
4.001000000000000000e+03
1.849300000000000000e+04
1.469900000000000000e+04
1.330900000000000000e+04
1.249300000000000000e+04
1.191200000000000000e+04
1.146000000000000000e+04
1.108900000000000000e+04
1.077400000000000000e+04
1.050100000000000000e+04
1.025900000000000000e+04
1.004100000000000000e+04
9.844000000000000000e+03
9.663000000000000000e+03
9.496000000000000000e+03
9.341000000000000000e+03
9.196000000000000000e+03
9.060000000000000000e+03
8.931000000000000000e+03
8.810000000000000000e+03
8.694000000000000000e+03
8.584000000000000000e+03
8.479000000000000000e+03
8.378000000000000000e+03
8.282000000000000000e+03
8.189000000000000000e+03
8.099000000000000000e+03
8.013000000000000000e+03
7.930000000000000000e+03
7.849000000000000000e+03
7.770000000000000000e+03
7.695000000000000000e+03
7.621000000000000000e+03
7.549000000000000000e+03
7.479000000000000000e+03
7.411000000000000000e+03
7.344000000000000000e+03
7.279000000000000000e+03
7.215000000000000000e+03
7.153000000000000000e+03
7.092000000000000000e+03
7.033000000000000000e+03
6.974000000000000000e+03
6.917000000000000000e+03
6.860000000000000000e+03
6.805000000000000000e+03
6.750000000000000000e+03
6.721000000000000000e+03
6.721000000000000000e+03
6.721000000000000000e+03
6.721000000000000000e+03
6.720000000000000000e+03
6.720000000000000000e+03
6.719000000000000000e+03
6.701000000000000000e+03
6.665000000000000000e+03
6.630000000000000000e+03
6.594000000000000000e+03
6.559000000000000000e+03
6.524000000000000000e+03
6.489000000000000000e+03
6.454000000000000000e+03
6.420000000000000000e+03
6.386000000000000000e+03
6.351000000000000000e+03
6.317000000000000000e+03
6.283000000000000000e+03
6.249000000000000000e+03
6.216000000000000000e+03
6.182000000000000000e+03
6.148000000000000000e+03
6.115000000000000000e+03
6.082000000000000000e+03
6.048000000000000000e+03
6.015000000000000000e+03
5.982000000000000000e+03
5.949000000000000000e+03
5.915000000000000000e+03
5.882000000000000000e+03
5.848000000000000000e+03
5.815000000000000000e+03
5.782000000000000000e+03
5.748000000000000000e+03
5.714000000000000000e+03
5.680000000000000000e+03
5.646000000000000000e+03
5.613000000000000000e+03
5.579000000000000000e+03
5.545000000000000000e+03
5.510000000000000000e+03
5.477000000000000000e+03
5.443000000000000000e+03
5.411000000000000000e+03
5.378000000000000000e+03
5.346000000000000000e+03
5.313000000000000000e+03
5.281000000000000000e+03
5.249000000000000000e+03
5.218000000000000000e+03
5.187000000000000000e+03
5.155000000000000000e+03
5.124000000000000000e+03
5.093000000000000000e+03
5.063000000000000000e+03
5.032000000000000000e+03
5.001000000000000000e+03
4.971000000000000000e+03
4.941000000000000000e+03
4.910000000000000000e+03
4.880000000000000000e+03
4.849000000000000000e+03
4.820000000000000000e+03
4.789000000000000000e+03
4.758000000000000000e+03
4.727000000000000000e+03
4.696000000000000000e+03
4.664000000000000000e+03
4.631000000000000000e+03
4.598000000000000000e+03
4.566000000000000000e+03
4.534000000000000000e+03
4.503000000000000000e+03
4.472000000000000000e+03
4.442000000000000000e+03
4.414000000000000000e+03
4.385000000000000000e+03
4.356000000000000000e+03
4.328000000000000000e+03
4.302000000000000000e+03
4.275000000000000000e+03
4.249000000000000000e+03
4.224000000000000000e+03
4.198000000000000000e+03
4.174000000000000000e+03
4.150000000000000000e+03
4.126000000000000000e+03
4.104000000000000000e+03
4.081000000000000000e+03
4.059000000000000000e+03
4.037000000000000000e+03
4.016000000000000000e+03
3.996000000000000000e+03
3.975000000000000000e+03
3.960000000000000000e+03
3.960000000000000000e+03
3.960000000000000000e+03
3.960000000000000000e+03
3.960000000000000000e+03
3.960000000000000000e+03
3.960000000000000000e+03
3.960000000000000000e+03
3.960000000000000000e+03
1.848100000000000000e+04
1.465000000000000000e+04
1.326300000000000000e+04
1.244800000000000000e+04
1.186800000000000000e+04
1.141600000000000000e+04
1.104600000000000000e+04
1.073200000000000000e+04
1.045900000000000000e+04
1.021700000000000000e+04
1.000000000000000000e+04
9.803000000000000000e+03
9.623000000000000000e+03
9.456000000000000000e+03
9.301000000000000000e+03
9.156000000000000000e+03
9.020000000000000000e+03
8.892000000000000000e+03
8.771000000000000000e+03
8.655000000000000000e+03
8.545000000000000000e+03
8.440000000000000000e+03
8.340000000000000000e+03
8.244000000000000000e+03
8.151000000000000000e+03
8.062000000000000000e+03
7.975000000000000000e+03
7.892000000000000000e+03
7.812000000000000000e+03
7.733000000000000000e+03
7.658000000000000000e+03
7.584000000000000000e+03
7.512000000000000000e+03
7.442000000000000000e+03
7.374000000000000000e+03
7.308000000000000000e+03
7.243000000000000000e+03
7.180000000000000000e+03
7.118000000000000000e+03
7.057000000000000000e+03
6.997000000000000000e+03
6.939000000000000000e+03
6.882000000000000000e+03
6.825000000000000000e+03
6.770000000000000000e+03
6.716000000000000000e+03
6.662000000000000000e+03
6.636000000000000000e+03
6.636000000000000000e+03
6.635000000000000000e+03
6.635000000000000000e+03
6.635000000000000000e+03
6.634000000000000000e+03
6.633000000000000000e+03
6.624000000000000000e+03
6.588000000000000000e+03
6.553000000000000000e+03
6.518000000000000000e+03
6.483000000000000000e+03
6.449000000000000000e+03
6.414000000000000000e+03
6.379000000000000000e+03
6.345000000000000000e+03
6.312000000000000000e+03
6.277000000000000000e+03
6.244000000000000000e+03
6.211000000000000000e+03
6.177000000000000000e+03
6.143000000000000000e+03
6.110000000000000000e+03
6.077000000000000000e+03
6.044000000000000000e+03
6.010000000000000000e+03
5.977000000000000000e+03
5.944000000000000000e+03
5.911000000000000000e+03
5.878000000000000000e+03
5.845000000000000000e+03
5.812000000000000000e+03
5.779000000000000000e+03
5.745000000000000000e+03
5.712000000000000000e+03
5.679000000000000000e+03
5.646000000000000000e+03
5.612000000000000000e+03
5.579000000000000000e+03
5.545000000000000000e+03
5.510000000000000000e+03
5.476000000000000000e+03
5.443000000000000000e+03
5.410000000000000000e+03
5.377000000000000000e+03
5.345000000000000000e+03
5.312000000000000000e+03
5.280000000000000000e+03
5.247000000000000000e+03
5.216000000000000000e+03
5.185000000000000000e+03
5.153000000000000000e+03
5.122000000000000000e+03
5.091000000000000000e+03
5.061000000000000000e+03
5.030000000000000000e+03
4.999000000000000000e+03
4.969000000000000000e+03
4.939000000000000000e+03
4.908000000000000000e+03
4.878000000000000000e+03
4.848000000000000000e+03
4.818000000000000000e+03
4.788000000000000000e+03
4.758000000000000000e+03
4.727000000000000000e+03
4.696000000000000000e+03
4.666000000000000000e+03
4.634000000000000000e+03
4.602000000000000000e+03
4.569000000000000000e+03
4.536000000000000000e+03
4.504000000000000000e+03
4.473000000000000000e+03
4.443000000000000000e+03
4.413000000000000000e+03
4.384000000000000000e+03
4.355000000000000000e+03
4.326000000000000000e+03
4.298000000000000000e+03
4.272000000000000000e+03
4.245000000000000000e+03
4.218000000000000000e+03
4.193000000000000000e+03
4.167000000000000000e+03
4.143000000000000000e+03
4.119000000000000000e+03
4.095000000000000000e+03
4.072000000000000000e+03
4.049000000000000000e+03
4.027000000000000000e+03
4.005000000000000000e+03
3.984000000000000000e+03
3.963000000000000000e+03
3.943000000000000000e+03
3.924000000000000000e+03
3.919000000000000000e+03
3.919000000000000000e+03
3.919000000000000000e+03
3.919000000000000000e+03
3.919000000000000000e+03
3.919000000000000000e+03
3.919000000000000000e+03
3.919000000000000000e+03
1.846900000000000000e+04
1.460200000000000000e+04
1.321600000000000000e+04
1.240300000000000000e+04
1.182400000000000000e+04
1.137300000000000000e+04
1.100300000000000000e+04
1.069000000000000000e+04
1.041700000000000000e+04
1.017600000000000000e+04
9.959000000000000000e+03
9.762000000000000000e+03
9.582000000000000000e+03
9.416000000000000000e+03
9.261000000000000000e+03
9.117000000000000000e+03
8.981000000000000000e+03
8.853000000000000000e+03
8.732000000000000000e+03
8.616000000000000000e+03
8.507000000000000000e+03
8.402000000000000000e+03
8.302000000000000000e+03
8.206000000000000000e+03
8.113000000000000000e+03
8.024000000000000000e+03
7.938000000000000000e+03
7.855000000000000000e+03
7.774000000000000000e+03
7.696000000000000000e+03
7.621000000000000000e+03
7.547000000000000000e+03
7.476000000000000000e+03
7.406000000000000000e+03
7.338000000000000000e+03
7.272000000000000000e+03
7.207000000000000000e+03
7.144000000000000000e+03
7.082000000000000000e+03
7.021000000000000000e+03
6.962000000000000000e+03
6.904000000000000000e+03
6.846000000000000000e+03
6.790000000000000000e+03
6.735000000000000000e+03
6.681000000000000000e+03
6.628000000000000000e+03
6.575000000000000000e+03
6.551000000000000000e+03
6.551000000000000000e+03
6.551000000000000000e+03
6.551000000000000000e+03
6.550000000000000000e+03
6.549000000000000000e+03
6.549000000000000000e+03
6.546000000000000000e+03
6.512000000000000000e+03
6.477000000000000000e+03
6.442000000000000000e+03
6.408000000000000000e+03
6.373000000000000000e+03
6.339000000000000000e+03
6.305000000000000000e+03
6.271000000000000000e+03
6.238000000000000000e+03
6.204000000000000000e+03
6.171000000000000000e+03
6.138000000000000000e+03
6.105000000000000000e+03
6.072000000000000000e+03
6.038000000000000000e+03
6.006000000000000000e+03
5.973000000000000000e+03
5.940000000000000000e+03
5.907000000000000000e+03
5.874000000000000000e+03
5.841000000000000000e+03
5.808000000000000000e+03
5.776000000000000000e+03
5.743000000000000000e+03
5.709000000000000000e+03
5.677000000000000000e+03
5.644000000000000000e+03
5.611000000000000000e+03
5.577000000000000000e+03
5.544000000000000000e+03
5.510000000000000000e+03
5.477000000000000000e+03
5.443000000000000000e+03
5.409000000000000000e+03
5.376000000000000000e+03
5.343000000000000000e+03
5.310000000000000000e+03
5.279000000000000000e+03
5.247000000000000000e+03
5.214000000000000000e+03
5.183000000000000000e+03
5.152000000000000000e+03
5.120000000000000000e+03
5.090000000000000000e+03
5.058000000000000000e+03
5.028000000000000000e+03
4.997000000000000000e+03
4.967000000000000000e+03
4.937000000000000000e+03
4.906000000000000000e+03
4.876000000000000000e+03
4.847000000000000000e+03
4.816000000000000000e+03
4.786000000000000000e+03
4.756000000000000000e+03
4.727000000000000000e+03
4.696000000000000000e+03
4.666000000000000000e+03
4.635000000000000000e+03
4.604000000000000000e+03
4.573000000000000000e+03
4.540000000000000000e+03
4.507000000000000000e+03
4.475000000000000000e+03
4.444000000000000000e+03
4.414000000000000000e+03
4.384000000000000000e+03
4.354000000000000000e+03
4.325000000000000000e+03
4.296000000000000000e+03
4.268000000000000000e+03
4.242000000000000000e+03
4.214000000000000000e+03
4.188000000000000000e+03
4.163000000000000000e+03
4.137000000000000000e+03
4.113000000000000000e+03
4.088000000000000000e+03
4.065000000000000000e+03
4.041000000000000000e+03
4.018000000000000000e+03
3.996000000000000000e+03
3.974000000000000000e+03
3.953000000000000000e+03
3.932000000000000000e+03
3.911000000000000000e+03
3.892000000000000000e+03
3.879000000000000000e+03
3.879000000000000000e+03
3.879000000000000000e+03
3.879000000000000000e+03
3.879000000000000000e+03
3.879000000000000000e+03
3.879000000000000000e+03
3.879000000000000000e+03
1.845700000000000000e+04
1.455400000000000000e+04
1.317000000000000000e+04
1.235800000000000000e+04
1.178000000000000000e+04
1.133000000000000000e+04
1.096100000000000000e+04
1.064700000000000000e+04
1.037500000000000000e+04
1.013400000000000000e+04
9.918000000000000000e+03
9.722000000000000000e+03
9.542000000000000000e+03
9.376000000000000000e+03
9.221000000000000000e+03
9.077000000000000000e+03
8.941000000000000000e+03
8.813000000000000000e+03
8.693000000000000000e+03
8.578000000000000000e+03
8.468000000000000000e+03
8.364000000000000000e+03
8.264000000000000000e+03
8.168000000000000000e+03
8.075000000000000000e+03
7.986000000000000000e+03
7.900000000000000000e+03
7.818000000000000000e+03
7.737000000000000000e+03
7.659000000000000000e+03
7.584000000000000000e+03
7.511000000000000000e+03
7.439000000000000000e+03
7.370000000000000000e+03
7.302000000000000000e+03
7.236000000000000000e+03
7.171000000000000000e+03
7.108000000000000000e+03
7.046000000000000000e+03
6.986000000000000000e+03
6.926000000000000000e+03
6.868000000000000000e+03
6.811000000000000000e+03
6.755000000000000000e+03
6.700000000000000000e+03
6.646000000000000000e+03
6.593000000000000000e+03
6.541000000000000000e+03
6.489000000000000000e+03
6.468000000000000000e+03
6.468000000000000000e+03
6.468000000000000000e+03
6.467000000000000000e+03
6.467000000000000000e+03
6.466000000000000000e+03
6.465000000000000000e+03
6.465000000000000000e+03
6.436000000000000000e+03
6.401000000000000000e+03
6.367000000000000000e+03
6.333000000000000000e+03
6.299000000000000000e+03
6.265000000000000000e+03
6.231000000000000000e+03
6.198000000000000000e+03
6.165000000000000000e+03
6.132000000000000000e+03
6.099000000000000000e+03
6.066000000000000000e+03
6.033000000000000000e+03
6.000000000000000000e+03
5.967000000000000000e+03
5.935000000000000000e+03
5.903000000000000000e+03
5.870000000000000000e+03
5.837000000000000000e+03
5.804000000000000000e+03
5.772000000000000000e+03
5.740000000000000000e+03
5.707000000000000000e+03
5.674000000000000000e+03
5.641000000000000000e+03
5.608000000000000000e+03
5.575000000000000000e+03
5.542000000000000000e+03
5.509000000000000000e+03
5.476000000000000000e+03
5.442000000000000000e+03
5.409000000000000000e+03
5.376000000000000000e+03
5.342000000000000000e+03
5.310000000000000000e+03
5.277000000000000000e+03
5.245000000000000000e+03
5.213000000000000000e+03
5.181000000000000000e+03
5.150000000000000000e+03
5.119000000000000000e+03
5.087000000000000000e+03
5.057000000000000000e+03
5.026000000000000000e+03
4.996000000000000000e+03
4.965000000000000000e+03
4.935000000000000000e+03
4.905000000000000000e+03
4.875000000000000000e+03
4.845000000000000000e+03
4.814000000000000000e+03
4.785000000000000000e+03
4.755000000000000000e+03
4.725000000000000000e+03
4.695000000000000000e+03
4.666000000000000000e+03
4.635000000000000000e+03
4.605000000000000000e+03
4.574000000000000000e+03
4.543000000000000000e+03
4.511000000000000000e+03
4.479000000000000000e+03
4.446000000000000000e+03
4.415000000000000000e+03
4.385000000000000000e+03
4.354000000000000000e+03
4.325000000000000000e+03
4.295000000000000000e+03
4.267000000000000000e+03
4.238000000000000000e+03
4.212000000000000000e+03
4.185000000000000000e+03
4.158000000000000000e+03
4.133000000000000000e+03
4.107000000000000000e+03
4.082000000000000000e+03
4.058000000000000000e+03
4.034000000000000000e+03
4.010000000000000000e+03
3.987000000000000000e+03
3.965000000000000000e+03
3.943000000000000000e+03
3.922000000000000000e+03
3.901000000000000000e+03
3.880000000000000000e+03
3.860000000000000000e+03
3.841000000000000000e+03
3.838000000000000000e+03
3.838000000000000000e+03
3.838000000000000000e+03
3.838000000000000000e+03
3.838000000000000000e+03
3.838000000000000000e+03
3.838000000000000000e+03
1.844600000000000000e+04
1.450900000000000000e+04
1.312700000000000000e+04
1.231600000000000000e+04
1.173900000000000000e+04
1.129000000000000000e+04
1.092100000000000000e+04
1.060900000000000000e+04
1.033700000000000000e+04
1.009600000000000000e+04
9.880000000000000000e+03
9.684000000000000000e+03
9.505000000000000000e+03
9.339000000000000000e+03
9.185000000000000000e+03
9.040000000000000000e+03
8.905000000000000000e+03
8.778000000000000000e+03
8.657000000000000000e+03
8.542000000000000000e+03
8.433000000000000000e+03
8.329000000000000000e+03
8.229000000000000000e+03
8.133000000000000000e+03
8.041000000000000000e+03
7.952000000000000000e+03
7.866000000000000000e+03
7.783000000000000000e+03
7.703000000000000000e+03
7.626000000000000000e+03
7.550000000000000000e+03
7.477000000000000000e+03
7.406000000000000000e+03
7.336000000000000000e+03
7.269000000000000000e+03
7.203000000000000000e+03
7.138000000000000000e+03
7.075000000000000000e+03
7.014000000000000000e+03
6.953000000000000000e+03
6.894000000000000000e+03
6.836000000000000000e+03
6.779000000000000000e+03
6.724000000000000000e+03
6.669000000000000000e+03
6.615000000000000000e+03
6.562000000000000000e+03
6.509000000000000000e+03
6.458000000000000000e+03
6.407000000000000000e+03
6.389000000000000000e+03
6.389000000000000000e+03
6.388000000000000000e+03
6.388000000000000000e+03
6.387000000000000000e+03
6.387000000000000000e+03
6.386000000000000000e+03
6.385000000000000000e+03
6.363000000000000000e+03
6.329000000000000000e+03
6.295000000000000000e+03
6.262000000000000000e+03
6.228000000000000000e+03
6.195000000000000000e+03
6.162000000000000000e+03
6.129000000000000000e+03
6.096000000000000000e+03
6.063000000000000000e+03
6.030000000000000000e+03
5.998000000000000000e+03
5.965000000000000000e+03
5.932000000000000000e+03
5.901000000000000000e+03
5.868000000000000000e+03
5.835000000000000000e+03
5.803000000000000000e+03
5.771000000000000000e+03
5.738000000000000000e+03
5.706000000000000000e+03
5.674000000000000000e+03
5.641000000000000000e+03
5.608000000000000000e+03
5.576000000000000000e+03
5.544000000000000000e+03
5.511000000000000000e+03
5.478000000000000000e+03
5.445000000000000000e+03
5.412000000000000000e+03
5.378000000000000000e+03
5.345000000000000000e+03
5.312000000000000000e+03
5.280000000000000000e+03
5.247000000000000000e+03
5.214000000000000000e+03
5.183000000000000000e+03
5.151000000000000000e+03
5.120000000000000000e+03
5.088000000000000000e+03
5.058000000000000000e+03
5.026000000000000000e+03
4.996000000000000000e+03
4.965000000000000000e+03
4.935000000000000000e+03
4.906000000000000000e+03
4.875000000000000000e+03
4.846000000000000000e+03
4.815000000000000000e+03
4.785000000000000000e+03
4.756000000000000000e+03
4.726000000000000000e+03
4.696000000000000000e+03
4.667000000000000000e+03
4.637000000000000000e+03
4.607000000000000000e+03
4.577000000000000000e+03
4.547000000000000000e+03
4.517000000000000000e+03
4.486000000000000000e+03
4.453000000000000000e+03
4.421000000000000000e+03
4.389000000000000000e+03
4.358000000000000000e+03
4.328000000000000000e+03
4.298000000000000000e+03
4.268000000000000000e+03
4.240000000000000000e+03
4.212000000000000000e+03
4.184000000000000000e+03
4.157000000000000000e+03
4.131000000000000000e+03
4.105000000000000000e+03
4.079000000000000000e+03
4.055000000000000000e+03
4.030000000000000000e+03
4.006000000000000000e+03
3.983000000000000000e+03
3.959000000000000000e+03
3.937000000000000000e+03
3.915000000000000000e+03
3.893000000000000000e+03
3.872000000000000000e+03
3.852000000000000000e+03
3.831000000000000000e+03
3.812000000000000000e+03
3.801000000000000000e+03
3.801000000000000000e+03
3.801000000000000000e+03
3.801000000000000000e+03
3.801000000000000000e+03
3.801000000000000000e+03
3.801000000000000000e+03
1.843500000000000000e+04
1.446500000000000000e+04
1.308500000000000000e+04
1.227500000000000000e+04
1.169900000000000000e+04
1.125000000000000000e+04
1.088200000000000000e+04
1.057000000000000000e+04
1.029800000000000000e+04
1.005800000000000000e+04
9.843000000000000000e+03
9.647000000000000000e+03
9.467000000000000000e+03
9.302000000000000000e+03
9.148000000000000000e+03
9.004000000000000000e+03
8.869000000000000000e+03
8.742000000000000000e+03
8.621000000000000000e+03
8.507000000000000000e+03
8.398000000000000000e+03
8.293000000000000000e+03
8.194000000000000000e+03
8.098000000000000000e+03
8.006000000000000000e+03
7.917000000000000000e+03
7.832000000000000000e+03
7.749000000000000000e+03
7.669000000000000000e+03
7.592000000000000000e+03
7.517000000000000000e+03
7.443000000000000000e+03
7.372000000000000000e+03
7.303000000000000000e+03
7.236000000000000000e+03
7.170000000000000000e+03
7.105000000000000000e+03
7.043000000000000000e+03
6.981000000000000000e+03
6.921000000000000000e+03
6.862000000000000000e+03
6.804000000000000000e+03
6.747000000000000000e+03
6.692000000000000000e+03
6.637000000000000000e+03
6.583000000000000000e+03
6.530000000000000000e+03
6.478000000000000000e+03
6.427000000000000000e+03
6.376000000000000000e+03
6.327000000000000000e+03
6.310000000000000000e+03
6.310000000000000000e+03
6.310000000000000000e+03
6.310000000000000000e+03
6.309000000000000000e+03
6.308000000000000000e+03
6.308000000000000000e+03
6.307000000000000000e+03
6.292000000000000000e+03
6.258000000000000000e+03
6.225000000000000000e+03
6.191000000000000000e+03
6.158000000000000000e+03
6.125000000000000000e+03
6.093000000000000000e+03
6.060000000000000000e+03
6.027000000000000000e+03
5.995000000000000000e+03
5.962000000000000000e+03
5.930000000000000000e+03
5.897000000000000000e+03
5.866000000000000000e+03
5.833000000000000000e+03
5.801000000000000000e+03
5.769000000000000000e+03
5.737000000000000000e+03
5.705000000000000000e+03
5.672000000000000000e+03
5.640000000000000000e+03
5.608000000000000000e+03
5.576000000000000000e+03
5.544000000000000000e+03
5.511000000000000000e+03
5.479000000000000000e+03
5.447000000000000000e+03
5.414000000000000000e+03
5.381000000000000000e+03
5.348000000000000000e+03
5.314000000000000000e+03
5.281000000000000000e+03
5.249000000000000000e+03
5.216000000000000000e+03
5.184000000000000000e+03
5.153000000000000000e+03
5.121000000000000000e+03
5.090000000000000000e+03
5.059000000000000000e+03
5.027000000000000000e+03
4.997000000000000000e+03
4.966000000000000000e+03
4.936000000000000000e+03
4.906000000000000000e+03
4.876000000000000000e+03
4.845000000000000000e+03
4.816000000000000000e+03
4.786000000000000000e+03
4.757000000000000000e+03
4.727000000000000000e+03
4.697000000000000000e+03
4.668000000000000000e+03
4.639000000000000000e+03
4.609000000000000000e+03
4.579000000000000000e+03
4.550000000000000000e+03
4.520000000000000000e+03
4.489000000000000000e+03
4.459000000000000000e+03
4.427000000000000000e+03
4.394000000000000000e+03
4.363000000000000000e+03
4.331000000000000000e+03
4.301000000000000000e+03
4.271000000000000000e+03
4.242000000000000000e+03
4.213000000000000000e+03
4.185000000000000000e+03
4.157000000000000000e+03
4.130000000000000000e+03
4.104000000000000000e+03
4.077000000000000000e+03
4.052000000000000000e+03
4.027000000000000000e+03
4.002000000000000000e+03
3.978000000000000000e+03
3.955000000000000000e+03
3.931000000000000000e+03
3.909000000000000000e+03
3.887000000000000000e+03
3.865000000000000000e+03
3.844000000000000000e+03
3.823000000000000000e+03
3.803000000000000000e+03
3.782000000000000000e+03
3.764000000000000000e+03
3.763000000000000000e+03
3.763000000000000000e+03
3.763000000000000000e+03
3.763000000000000000e+03
3.763000000000000000e+03
3.763000000000000000e+03
1.842400000000000000e+04
1.442000000000000000e+04
1.304200000000000000e+04
1.223400000000000000e+04
1.165800000000000000e+04
1.121000000000000000e+04
1.084300000000000000e+04
1.053100000000000000e+04
1.026000000000000000e+04
1.002000000000000000e+04
9.805000000000000000e+03
9.609000000000000000e+03
9.430000000000000000e+03
9.265000000000000000e+03
9.111000000000000000e+03
8.968000000000000000e+03
8.833000000000000000e+03
8.706000000000000000e+03
8.585000000000000000e+03
8.471000000000000000e+03
8.362000000000000000e+03
8.258000000000000000e+03
8.159000000000000000e+03
8.063000000000000000e+03
7.971000000000000000e+03
7.883000000000000000e+03
7.798000000000000000e+03
7.715000000000000000e+03
7.635000000000000000e+03
7.558000000000000000e+03
7.483000000000000000e+03
7.410000000000000000e+03
7.339000000000000000e+03
7.270000000000000000e+03
7.203000000000000000e+03
7.137000000000000000e+03
7.073000000000000000e+03
7.010000000000000000e+03
6.949000000000000000e+03
6.889000000000000000e+03
6.830000000000000000e+03
6.772000000000000000e+03
6.715000000000000000e+03
6.660000000000000000e+03
6.605000000000000000e+03
6.552000000000000000e+03
6.499000000000000000e+03
6.447000000000000000e+03
6.396000000000000000e+03
6.345000000000000000e+03
6.296000000000000000e+03
6.247000000000000000e+03
6.233000000000000000e+03
6.233000000000000000e+03
6.233000000000000000e+03
6.232000000000000000e+03
6.232000000000000000e+03
6.231000000000000000e+03
6.230000000000000000e+03
6.229000000000000000e+03
6.221000000000000000e+03
6.187000000000000000e+03
6.155000000000000000e+03
6.122000000000000000e+03
6.089000000000000000e+03
6.056000000000000000e+03
6.024000000000000000e+03
5.992000000000000000e+03
5.959000000000000000e+03
5.927000000000000000e+03
5.895000000000000000e+03
5.863000000000000000e+03
5.831000000000000000e+03
5.799000000000000000e+03
5.767000000000000000e+03
5.735000000000000000e+03
5.703000000000000000e+03
5.671000000000000000e+03
5.640000000000000000e+03
5.607000000000000000e+03
5.576000000000000000e+03
5.543000000000000000e+03
5.512000000000000000e+03
5.479000000000000000e+03
5.447000000000000000e+03
5.414000000000000000e+03
5.382000000000000000e+03
5.349000000000000000e+03
5.317000000000000000e+03
5.284000000000000000e+03
5.251000000000000000e+03
5.218000000000000000e+03
5.186000000000000000e+03
5.154000000000000000e+03
5.123000000000000000e+03
5.091000000000000000e+03
5.060000000000000000e+03
5.029000000000000000e+03
4.997000000000000000e+03
4.967000000000000000e+03
4.937000000000000000e+03
4.906000000000000000e+03
4.876000000000000000e+03
4.847000000000000000e+03
4.817000000000000000e+03
4.787000000000000000e+03
4.757000000000000000e+03
4.728000000000000000e+03
4.699000000000000000e+03
4.669000000000000000e+03
4.640000000000000000e+03
4.610000000000000000e+03
4.581000000000000000e+03
4.551000000000000000e+03
4.522000000000000000e+03
4.492000000000000000e+03
4.462000000000000000e+03
4.432000000000000000e+03
4.401000000000000000e+03
4.368000000000000000e+03
4.336000000000000000e+03
4.305000000000000000e+03
4.275000000000000000e+03
4.245000000000000000e+03
4.216000000000000000e+03
4.187000000000000000e+03
4.158000000000000000e+03
4.130000000000000000e+03
4.104000000000000000e+03
4.077000000000000000e+03
4.050000000000000000e+03
4.025000000000000000e+03
4.000000000000000000e+03
3.975000000000000000e+03
3.951000000000000000e+03
3.927000000000000000e+03
3.904000000000000000e+03
3.881000000000000000e+03
3.859000000000000000e+03
3.837000000000000000e+03
3.815000000000000000e+03
3.795000000000000000e+03
3.774000000000000000e+03
3.754000000000000000e+03
3.735000000000000000e+03
3.726000000000000000e+03
3.726000000000000000e+03
3.726000000000000000e+03
3.726000000000000000e+03
3.726000000000000000e+03
3.726000000000000000e+03
1.841300000000000000e+04
1.437500000000000000e+04
1.299900000000000000e+04
1.219200000000000000e+04
1.161700000000000000e+04
1.117000000000000000e+04
1.080300000000000000e+04
1.049200000000000000e+04
1.022100000000000000e+04
9.982000000000000000e+03
9.767000000000000000e+03
9.572000000000000000e+03
9.393000000000000000e+03
9.228000000000000000e+03
9.075000000000000000e+03
8.931000000000000000e+03
8.797000000000000000e+03
8.670000000000000000e+03
8.550000000000000000e+03
8.436000000000000000e+03
8.327000000000000000e+03
8.223000000000000000e+03
8.124000000000000000e+03
8.029000000000000000e+03
7.937000000000000000e+03
7.849000000000000000e+03
7.763000000000000000e+03
7.681000000000000000e+03
7.601000000000000000e+03
7.524000000000000000e+03
7.449000000000000000e+03
7.377000000000000000e+03
7.306000000000000000e+03
7.237000000000000000e+03
7.170000000000000000e+03
7.104000000000000000e+03
7.040000000000000000e+03
6.977000000000000000e+03
6.916000000000000000e+03
6.856000000000000000e+03
6.798000000000000000e+03
6.740000000000000000e+03
6.684000000000000000e+03
6.628000000000000000e+03
6.574000000000000000e+03
6.520000000000000000e+03
6.467000000000000000e+03
6.416000000000000000e+03
6.365000000000000000e+03
6.314000000000000000e+03
6.265000000000000000e+03
6.216000000000000000e+03
6.168000000000000000e+03
6.157000000000000000e+03
6.156000000000000000e+03
6.156000000000000000e+03
6.156000000000000000e+03
6.155000000000000000e+03
6.155000000000000000e+03
6.154000000000000000e+03
6.153000000000000000e+03
6.151000000000000000e+03
6.118000000000000000e+03
6.085000000000000000e+03
6.053000000000000000e+03
6.020000000000000000e+03
5.988000000000000000e+03
5.955000000000000000e+03
5.924000000000000000e+03
5.892000000000000000e+03
5.859000000000000000e+03
5.828000000000000000e+03
5.796000000000000000e+03
5.764000000000000000e+03
5.733000000000000000e+03
5.701000000000000000e+03
5.669000000000000000e+03
5.638000000000000000e+03
5.606000000000000000e+03
5.574000000000000000e+03
5.543000000000000000e+03
5.511000000000000000e+03
5.479000000000000000e+03
5.447000000000000000e+03
5.415000000000000000e+03
5.383000000000000000e+03
5.351000000000000000e+03
5.319000000000000000e+03
5.286000000000000000e+03
5.253000000000000000e+03
5.220000000000000000e+03
5.188000000000000000e+03
5.156000000000000000e+03
5.124000000000000000e+03
5.092000000000000000e+03
5.061000000000000000e+03
5.030000000000000000e+03
4.999000000000000000e+03
4.968000000000000000e+03
4.937000000000000000e+03
4.907000000000000000e+03
4.877000000000000000e+03
4.847000000000000000e+03
4.817000000000000000e+03
4.787000000000000000e+03
4.758000000000000000e+03
4.728000000000000000e+03
4.699000000000000000e+03
4.669000000000000000e+03
4.640000000000000000e+03
4.612000000000000000e+03
4.582000000000000000e+03
4.553000000000000000e+03
4.523000000000000000e+03
4.495000000000000000e+03
4.465000000000000000e+03
4.435000000000000000e+03
4.405000000000000000e+03
4.374000000000000000e+03
4.343000000000000000e+03
4.311000000000000000e+03
4.280000000000000000e+03
4.249000000000000000e+03
4.219000000000000000e+03
4.190000000000000000e+03
4.160000000000000000e+03
4.132000000000000000e+03
4.104000000000000000e+03
4.077000000000000000e+03
4.050000000000000000e+03
4.023000000000000000e+03
3.998000000000000000e+03
3.973000000000000000e+03
3.948000000000000000e+03
3.924000000000000000e+03
3.900000000000000000e+03
3.876000000000000000e+03
3.854000000000000000e+03
3.831000000000000000e+03
3.809000000000000000e+03
3.787000000000000000e+03
3.766000000000000000e+03
3.746000000000000000e+03
3.726000000000000000e+03
3.706000000000000000e+03
3.689000000000000000e+03
3.689000000000000000e+03
3.689000000000000000e+03
3.689000000000000000e+03
3.689000000000000000e+03
3.689000000000000000e+03
1.840200000000000000e+04
1.433000000000000000e+04
1.295700000000000000e+04
1.215000000000000000e+04
1.157700000000000000e+04
1.113000000000000000e+04
1.076400000000000000e+04
1.045300000000000000e+04
1.018300000000000000e+04
9.944000000000000000e+03
9.729000000000000000e+03
9.535000000000000000e+03
9.356000000000000000e+03
9.191000000000000000e+03
9.038000000000000000e+03
8.895000000000000000e+03
8.761000000000000000e+03
8.634000000000000000e+03
8.514000000000000000e+03
8.400000000000000000e+03
8.292000000000000000e+03
8.188000000000000000e+03
8.089000000000000000e+03
7.994000000000000000e+03
7.902000000000000000e+03
7.814000000000000000e+03
7.729000000000000000e+03
7.647000000000000000e+03
7.568000000000000000e+03
7.491000000000000000e+03
7.416000000000000000e+03
7.343000000000000000e+03
7.272000000000000000e+03
7.204000000000000000e+03
7.137000000000000000e+03
7.071000000000000000e+03
7.007000000000000000e+03
6.945000000000000000e+03
6.884000000000000000e+03
6.824000000000000000e+03
6.765000000000000000e+03
6.708000000000000000e+03
6.652000000000000000e+03
6.596000000000000000e+03
6.542000000000000000e+03
6.489000000000000000e+03
6.436000000000000000e+03
6.385000000000000000e+03
6.334000000000000000e+03
6.284000000000000000e+03
6.234000000000000000e+03
6.185000000000000000e+03
6.137000000000000000e+03
6.090000000000000000e+03
6.081000000000000000e+03
6.081000000000000000e+03
6.081000000000000000e+03
6.080000000000000000e+03
6.080000000000000000e+03
6.079000000000000000e+03
6.078000000000000000e+03
6.077000000000000000e+03
6.077000000000000000e+03
6.048000000000000000e+03
6.016000000000000000e+03
5.984000000000000000e+03
5.952000000000000000e+03
5.920000000000000000e+03
5.888000000000000000e+03
5.856000000000000000e+03
5.825000000000000000e+03
5.793000000000000000e+03
5.761000000000000000e+03
5.730000000000000000e+03
5.698000000000000000e+03
5.667000000000000000e+03
5.635000000000000000e+03
5.604000000000000000e+03
5.573000000000000000e+03
5.541000000000000000e+03
5.510000000000000000e+03
5.479000000000000000e+03
5.447000000000000000e+03
5.415000000000000000e+03
5.384000000000000000e+03
5.352000000000000000e+03
5.320000000000000000e+03
5.287000000000000000e+03
5.255000000000000000e+03
5.223000000000000000e+03
5.190000000000000000e+03
5.158000000000000000e+03
5.126000000000000000e+03
5.094000000000000000e+03
5.062000000000000000e+03
5.031000000000000000e+03
5.000000000000000000e+03
4.970000000000000000e+03
4.939000000000000000e+03
4.908000000000000000e+03
4.878000000000000000e+03
4.848000000000000000e+03
4.818000000000000000e+03
4.788000000000000000e+03
4.759000000000000000e+03
4.729000000000000000e+03
4.700000000000000000e+03
4.670000000000000000e+03
4.641000000000000000e+03
4.612000000000000000e+03
4.583000000000000000e+03
4.554000000000000000e+03
4.525000000000000000e+03
4.496000000000000000e+03
4.466000000000000000e+03
4.438000000000000000e+03
4.408000000000000000e+03
4.378000000000000000e+03
4.348000000000000000e+03
4.317000000000000000e+03
4.285000000000000000e+03
4.254000000000000000e+03
4.224000000000000000e+03
4.193000000000000000e+03
4.164000000000000000e+03
4.134000000000000000e+03
4.106000000000000000e+03
4.078000000000000000e+03
4.051000000000000000e+03
4.024000000000000000e+03
3.997000000000000000e+03
3.972000000000000000e+03
3.946000000000000000e+03
3.921000000000000000e+03
3.897000000000000000e+03
3.873000000000000000e+03
3.849000000000000000e+03
3.826000000000000000e+03
3.804000000000000000e+03
3.781000000000000000e+03
3.760000000000000000e+03
3.739000000000000000e+03
3.718000000000000000e+03
3.698000000000000000e+03
3.678000000000000000e+03
3.659000000000000000e+03
3.652000000000000000e+03
3.652000000000000000e+03
3.652000000000000000e+03
3.652000000000000000e+03
3.652000000000000000e+03
1.839200000000000000e+04
1.428900000000000000e+04
1.291800000000000000e+04
1.211300000000000000e+04
1.153900000000000000e+04
1.109300000000000000e+04
1.072800000000000000e+04
1.041800000000000000e+04
1.014800000000000000e+04
9.909000000000000000e+03
9.695000000000000000e+03
9.501000000000000000e+03
9.322000000000000000e+03
9.158000000000000000e+03
9.005000000000000000e+03
8.862000000000000000e+03
8.728000000000000000e+03
8.601000000000000000e+03
8.482000000000000000e+03
8.368000000000000000e+03
8.260000000000000000e+03
8.156000000000000000e+03
8.057000000000000000e+03
7.962000000000000000e+03
7.871000000000000000e+03
7.783000000000000000e+03
7.698000000000000000e+03
7.616000000000000000e+03
7.537000000000000000e+03
7.460000000000000000e+03
7.385000000000000000e+03
7.313000000000000000e+03
7.242000000000000000e+03
7.174000000000000000e+03
7.107000000000000000e+03
7.041000000000000000e+03
6.978000000000000000e+03
6.915000000000000000e+03
6.854000000000000000e+03
6.795000000000000000e+03
6.736000000000000000e+03
6.679000000000000000e+03
6.623000000000000000e+03
6.568000000000000000e+03
6.513000000000000000e+03
6.460000000000000000e+03
6.408000000000000000e+03
6.356000000000000000e+03
6.306000000000000000e+03
6.256000000000000000e+03
6.206000000000000000e+03
6.158000000000000000e+03
6.110000000000000000e+03
6.063000000000000000e+03
6.016000000000000000e+03
6.009000000000000000e+03
6.009000000000000000e+03
6.009000000000000000e+03
6.009000000000000000e+03
6.008000000000000000e+03
6.007000000000000000e+03
6.007000000000000000e+03
6.006000000000000000e+03
6.005000000000000000e+03
5.983000000000000000e+03
5.951000000000000000e+03
5.919000000000000000e+03
5.887000000000000000e+03
5.855000000000000000e+03
5.824000000000000000e+03
5.792000000000000000e+03
5.761000000000000000e+03
5.730000000000000000e+03
5.698000000000000000e+03
5.667000000000000000e+03
5.636000000000000000e+03
5.605000000000000000e+03
5.573000000000000000e+03
5.542000000000000000e+03
5.511000000000000000e+03
5.480000000000000000e+03
5.448000000000000000e+03
5.417000000000000000e+03
5.386000000000000000e+03
5.354000000000000000e+03
5.323000000000000000e+03
5.291000000000000000e+03
5.259000000000000000e+03
5.227000000000000000e+03
5.195000000000000000e+03
5.163000000000000000e+03
5.131000000000000000e+03
5.098000000000000000e+03
5.067000000000000000e+03
5.035000000000000000e+03
5.004000000000000000e+03
4.973000000000000000e+03
4.942000000000000000e+03
4.912000000000000000e+03
4.881000000000000000e+03
4.851000000000000000e+03
4.821000000000000000e+03
4.792000000000000000e+03
4.762000000000000000e+03
4.732000000000000000e+03
4.703000000000000000e+03
4.674000000000000000e+03
4.644000000000000000e+03
4.615000000000000000e+03
4.587000000000000000e+03
4.557000000000000000e+03
4.528000000000000000e+03
4.500000000000000000e+03
4.470000000000000000e+03
4.442000000000000000e+03
4.413000000000000000e+03
4.383000000000000000e+03
4.354000000000000000e+03
4.325000000000000000e+03
4.294000000000000000e+03
4.263000000000000000e+03
4.231000000000000000e+03
4.200000000000000000e+03
4.170000000000000000e+03
4.140000000000000000e+03
4.111000000000000000e+03
4.083000000000000000e+03
4.054000000000000000e+03
4.027000000000000000e+03
3.999000000000000000e+03
3.974000000000000000e+03
3.947000000000000000e+03
3.922000000000000000e+03
3.897000000000000000e+03
3.872000000000000000e+03
3.848000000000000000e+03
3.824000000000000000e+03
3.801000000000000000e+03
3.779000000000000000e+03
3.756000000000000000e+03
3.735000000000000000e+03
3.713000000000000000e+03
3.693000000000000000e+03
3.672000000000000000e+03
3.652000000000000000e+03
3.633000000000000000e+03
3.618000000000000000e+03
3.618000000000000000e+03
3.618000000000000000e+03
3.618000000000000000e+03
3.618000000000000000e+03
1.838100000000000000e+04
1.424400000000000000e+04
1.287500000000000000e+04
1.207100000000000000e+04
1.149900000000000000e+04
1.105300000000000000e+04
1.068800000000000000e+04
1.037900000000000000e+04
1.010900000000000000e+04
9.871000000000000000e+03
9.657000000000000000e+03
9.463000000000000000e+03
9.285000000000000000e+03
9.121000000000000000e+03
8.968000000000000000e+03
8.826000000000000000e+03
8.692000000000000000e+03
8.565000000000000000e+03
8.446000000000000000e+03
8.333000000000000000e+03
8.224000000000000000e+03
8.121000000000000000e+03
8.022000000000000000e+03
7.928000000000000000e+03
7.837000000000000000e+03
7.749000000000000000e+03
7.664000000000000000e+03
7.582000000000000000e+03
7.503000000000000000e+03
7.426000000000000000e+03
7.352000000000000000e+03
7.280000000000000000e+03
7.209000000000000000e+03
7.141000000000000000e+03
7.074000000000000000e+03
7.009000000000000000e+03
6.945000000000000000e+03
6.883000000000000000e+03
6.822000000000000000e+03
6.763000000000000000e+03
6.704000000000000000e+03
6.647000000000000000e+03
6.591000000000000000e+03
6.536000000000000000e+03
6.482000000000000000e+03
6.429000000000000000e+03
6.377000000000000000e+03
6.325000000000000000e+03
6.275000000000000000e+03
6.225000000000000000e+03
6.176000000000000000e+03
6.127000000000000000e+03
6.080000000000000000e+03
6.032000000000000000e+03
5.986000000000000000e+03
5.940000000000000000e+03
5.936000000000000000e+03
5.936000000000000000e+03
5.935000000000000000e+03
5.935000000000000000e+03
5.934000000000000000e+03
5.934000000000000000e+03
5.933000000000000000e+03
5.932000000000000000e+03
5.931000000000000000e+03
5.915000000000000000e+03
5.883000000000000000e+03
5.851000000000000000e+03
5.819000000000000000e+03
5.788000000000000000e+03
5.757000000000000000e+03
5.726000000000000000e+03
5.695000000000000000e+03
5.664000000000000000e+03
5.633000000000000000e+03
5.602000000000000000e+03
5.571000000000000000e+03
5.540000000000000000e+03
5.509000000000000000e+03
5.478000000000000000e+03
5.447000000000000000e+03
5.416000000000000000e+03
5.385000000000000000e+03
5.353000000000000000e+03
5.322000000000000000e+03
5.291000000000000000e+03
5.260000000000000000e+03
5.228000000000000000e+03
5.196000000000000000e+03
5.165000000000000000e+03
5.133000000000000000e+03
5.101000000000000000e+03
5.069000000000000000e+03
5.037000000000000000e+03
5.006000000000000000e+03
4.974000000000000000e+03
4.944000000000000000e+03
4.913000000000000000e+03
4.883000000000000000e+03
4.852000000000000000e+03
4.822000000000000000e+03
4.792000000000000000e+03
4.763000000000000000e+03
4.733000000000000000e+03
4.703000000000000000e+03
4.674000000000000000e+03
4.645000000000000000e+03
4.616000000000000000e+03
4.587000000000000000e+03
4.558000000000000000e+03
4.529000000000000000e+03
4.501000000000000000e+03
4.471000000000000000e+03
4.443000000000000000e+03
4.414000000000000000e+03
4.386000000000000000e+03
4.356000000000000000e+03
4.327000000000000000e+03
4.298000000000000000e+03
4.269000000000000000e+03
4.238000000000000000e+03
4.206000000000000000e+03
4.175000000000000000e+03
4.144000000000000000e+03
4.114000000000000000e+03
4.085000000000000000e+03
4.057000000000000000e+03
4.029000000000000000e+03
4.001000000000000000e+03
3.973000000000000000e+03
3.947000000000000000e+03
3.921000000000000000e+03
3.895000000000000000e+03
3.871000000000000000e+03
3.845000000000000000e+03
3.822000000000000000e+03
3.798000000000000000e+03
3.775000000000000000e+03
3.751000000000000000e+03
3.729000000000000000e+03
3.708000000000000000e+03
3.686000000000000000e+03
3.666000000000000000e+03
3.645000000000000000e+03
3.625000000000000000e+03
3.605000000000000000e+03
3.587000000000000000e+03
3.581000000000000000e+03
3.581000000000000000e+03
3.581000000000000000e+03
3.581000000000000000e+03
1.837100000000000000e+04
1.420300000000000000e+04
1.283500000000000000e+04
1.203300000000000000e+04
1.146200000000000000e+04
1.101700000000000000e+04
1.065200000000000000e+04
1.034300000000000000e+04
1.007400000000000000e+04
9.836000000000000000e+03
9.623000000000000000e+03
9.429000000000000000e+03
9.251000000000000000e+03
9.087000000000000000e+03
8.935000000000000000e+03
8.793000000000000000e+03
8.659000000000000000e+03
8.533000000000000000e+03
8.414000000000000000e+03
8.300000000000000000e+03
8.192000000000000000e+03
8.089000000000000000e+03
7.991000000000000000e+03
7.896000000000000000e+03
7.805000000000000000e+03
7.718000000000000000e+03
7.633000000000000000e+03
7.551000000000000000e+03
7.472000000000000000e+03
7.396000000000000000e+03
7.322000000000000000e+03
7.249000000000000000e+03
7.179000000000000000e+03
7.111000000000000000e+03
7.044000000000000000e+03
6.979000000000000000e+03
6.916000000000000000e+03
6.854000000000000000e+03
6.793000000000000000e+03
6.734000000000000000e+03
6.675000000000000000e+03
6.618000000000000000e+03
6.562000000000000000e+03
6.507000000000000000e+03
6.454000000000000000e+03
6.401000000000000000e+03
6.348000000000000000e+03
6.297000000000000000e+03
6.247000000000000000e+03
6.197000000000000000e+03
6.148000000000000000e+03
6.100000000000000000e+03
6.052000000000000000e+03
6.005000000000000000e+03
5.959000000000000000e+03
5.913000000000000000e+03
5.867000000000000000e+03
5.866000000000000000e+03
5.866000000000000000e+03
5.865000000000000000e+03
5.865000000000000000e+03
5.864000000000000000e+03
5.864000000000000000e+03
5.863000000000000000e+03
5.862000000000000000e+03
5.861000000000000000e+03
5.850000000000000000e+03
5.819000000000000000e+03
5.787000000000000000e+03
5.756000000000000000e+03
5.725000000000000000e+03
5.694000000000000000e+03
5.663000000000000000e+03
5.633000000000000000e+03
5.602000000000000000e+03
5.570000000000000000e+03
5.540000000000000000e+03
5.509000000000000000e+03
5.478000000000000000e+03
5.447000000000000000e+03
5.417000000000000000e+03
5.386000000000000000e+03
5.355000000000000000e+03
5.325000000000000000e+03
5.293000000000000000e+03
5.262000000000000000e+03
5.231000000000000000e+03
5.200000000000000000e+03
5.169000000000000000e+03
5.137000000000000000e+03
5.105000000000000000e+03
5.074000000000000000e+03
5.042000000000000000e+03
5.010000000000000000e+03
4.979000000000000000e+03
4.947000000000000000e+03
4.917000000000000000e+03
4.886000000000000000e+03
4.856000000000000000e+03
4.825000000000000000e+03
4.796000000000000000e+03
4.766000000000000000e+03
4.736000000000000000e+03
4.707000000000000000e+03
4.677000000000000000e+03
4.648000000000000000e+03
4.619000000000000000e+03
4.590000000000000000e+03
4.561000000000000000e+03
4.533000000000000000e+03
4.504000000000000000e+03
4.475000000000000000e+03
4.446000000000000000e+03
4.418000000000000000e+03
4.389000000000000000e+03
4.361000000000000000e+03
4.332000000000000000e+03
4.303000000000000000e+03
4.274000000000000000e+03
4.245000000000000000e+03
4.215000000000000000e+03
4.183000000000000000e+03
4.152000000000000000e+03
4.121000000000000000e+03
4.092000000000000000e+03
4.063000000000000000e+03
4.034000000000000000e+03
4.005000000000000000e+03
3.977000000000000000e+03
3.950000000000000000e+03
3.924000000000000000e+03
3.897000000000000000e+03
3.872000000000000000e+03
3.846000000000000000e+03
3.821000000000000000e+03
3.798000000000000000e+03
3.773000000000000000e+03
3.750000000000000000e+03
3.727000000000000000e+03
3.705000000000000000e+03
3.683000000000000000e+03
3.662000000000000000e+03
3.641000000000000000e+03
3.620000000000000000e+03
3.600000000000000000e+03
3.580000000000000000e+03
3.560000000000000000e+03
3.547000000000000000e+03
3.547000000000000000e+03
3.547000000000000000e+03
3.547000000000000000e+03
1.836100000000000000e+04
1.416200000000000000e+04
1.279600000000000000e+04
1.199500000000000000e+04
1.142400000000000000e+04
1.098000000000000000e+04
1.061600000000000000e+04
1.030800000000000000e+04
1.003900000000000000e+04
9.802000000000000000e+03
9.589000000000000000e+03
9.395000000000000000e+03
9.218000000000000000e+03
9.054000000000000000e+03
8.902000000000000000e+03
8.760000000000000000e+03
8.626000000000000000e+03
8.500000000000000000e+03
8.381000000000000000e+03
8.268000000000000000e+03
8.161000000000000000e+03
8.058000000000000000e+03
7.959000000000000000e+03
7.865000000000000000e+03
7.774000000000000000e+03
7.687000000000000000e+03
7.602000000000000000e+03
7.521000000000000000e+03
7.442000000000000000e+03
7.365000000000000000e+03
7.291000000000000000e+03
7.219000000000000000e+03
7.149000000000000000e+03
7.081000000000000000e+03
7.014000000000000000e+03
6.949000000000000000e+03
6.886000000000000000e+03
6.824000000000000000e+03
6.764000000000000000e+03
6.704000000000000000e+03
6.646000000000000000e+03
6.589000000000000000e+03
6.534000000000000000e+03
6.479000000000000000e+03
6.425000000000000000e+03
6.372000000000000000e+03
6.320000000000000000e+03
6.269000000000000000e+03
6.219000000000000000e+03
6.169000000000000000e+03
6.120000000000000000e+03
6.072000000000000000e+03
6.025000000000000000e+03
5.978000000000000000e+03
5.931000000000000000e+03
5.886000000000000000e+03
5.841000000000000000e+03
5.836000000000000000e+03
5.797000000000000000e+03
5.797000000000000000e+03
5.796000000000000000e+03
5.796000000000000000e+03
5.795000000000000000e+03
5.795000000000000000e+03
5.794000000000000000e+03
5.793000000000000000e+03
5.792000000000000000e+03
5.786000000000000000e+03
5.755000000000000000e+03
5.724000000000000000e+03
5.693000000000000000e+03
5.662000000000000000e+03
5.632000000000000000e+03
5.601000000000000000e+03
5.570000000000000000e+03
5.540000000000000000e+03
5.509000000000000000e+03
5.479000000000000000e+03
5.448000000000000000e+03
5.418000000000000000e+03
5.387000000000000000e+03
5.356000000000000000e+03
5.326000000000000000e+03
5.295000000000000000e+03
5.264000000000000000e+03
5.234000000000000000e+03
5.203000000000000000e+03
5.171000000000000000e+03
5.140000000000000000e+03
5.109000000000000000e+03
5.078000000000000000e+03
5.046000000000000000e+03
5.014000000000000000e+03
4.983000000000000000e+03
4.952000000000000000e+03
4.920000000000000000e+03
4.890000000000000000e+03
4.859000000000000000e+03
4.829000000000000000e+03
4.799000000000000000e+03
4.769000000000000000e+03
4.739000000000000000e+03
4.710000000000000000e+03
4.680000000000000000e+03
4.651000000000000000e+03
4.622000000000000000e+03
4.593000000000000000e+03
4.564000000000000000e+03
4.535000000000000000e+03
4.507000000000000000e+03
4.478000000000000000e+03
4.450000000000000000e+03
4.421000000000000000e+03
4.393000000000000000e+03
4.364000000000000000e+03
4.336000000000000000e+03
4.307000000000000000e+03
4.279000000000000000e+03
4.250000000000000000e+03
4.221000000000000000e+03
4.191000000000000000e+03
4.160000000000000000e+03
4.129000000000000000e+03
4.099000000000000000e+03
4.069000000000000000e+03
4.040000000000000000e+03
4.010000000000000000e+03
3.982000000000000000e+03
3.954000000000000000e+03
3.927000000000000000e+03
3.900000000000000000e+03
3.873000000000000000e+03
3.848000000000000000e+03
3.823000000000000000e+03
3.798000000000000000e+03
3.774000000000000000e+03
3.749000000000000000e+03
3.726000000000000000e+03
3.703000000000000000e+03
3.680000000000000000e+03
3.659000000000000000e+03
3.637000000000000000e+03
3.616000000000000000e+03
3.595000000000000000e+03
3.575000000000000000e+03
3.555000000000000000e+03
3.535000000000000000e+03
3.517000000000000000e+03
3.514000000000000000e+03
3.514000000000000000e+03
3.514000000000000000e+03
1.835100000000000000e+04
1.412100000000000000e+04
1.275700000000000000e+04
1.195700000000000000e+04
1.138700000000000000e+04
1.094400000000000000e+04
1.058100000000000000e+04
1.027200000000000000e+04
1.000400000000000000e+04
9.767000000000000000e+03
9.554000000000000000e+03
9.361000000000000000e+03
9.184000000000000000e+03
9.021000000000000000e+03
8.869000000000000000e+03
8.727000000000000000e+03
8.593000000000000000e+03
8.468000000000000000e+03
8.349000000000000000e+03
8.236000000000000000e+03
8.129000000000000000e+03
8.026000000000000000e+03
7.928000000000000000e+03
7.833000000000000000e+03
7.743000000000000000e+03
7.656000000000000000e+03
7.571000000000000000e+03
7.490000000000000000e+03
7.411000000000000000e+03
7.335000000000000000e+03
7.261000000000000000e+03
7.189000000000000000e+03
7.119000000000000000e+03
7.051000000000000000e+03
6.985000000000000000e+03
6.920000000000000000e+03
6.857000000000000000e+03
6.795000000000000000e+03
6.735000000000000000e+03
6.675000000000000000e+03
6.617000000000000000e+03
6.561000000000000000e+03
6.505000000000000000e+03
6.450000000000000000e+03
6.397000000000000000e+03
6.344000000000000000e+03
6.292000000000000000e+03
6.241000000000000000e+03
6.191000000000000000e+03
6.141000000000000000e+03
6.093000000000000000e+03
6.045000000000000000e+03
5.997000000000000000e+03
5.951000000000000000e+03
5.904000000000000000e+03
5.859000000000000000e+03
5.814000000000000000e+03
5.769000000000000000e+03
5.765000000000000000e+03
5.728000000000000000e+03
5.728000000000000000e+03
5.728000000000000000e+03
5.728000000000000000e+03
5.727000000000000000e+03
5.726000000000000000e+03
5.725000000000000000e+03
5.725000000000000000e+03
5.724000000000000000e+03
5.722000000000000000e+03
5.692000000000000000e+03
5.661000000000000000e+03
5.630000000000000000e+03
5.600000000000000000e+03
5.570000000000000000e+03
5.539000000000000000e+03
5.509000000000000000e+03
5.479000000000000000e+03
5.448000000000000000e+03
5.418000000000000000e+03
5.388000000000000000e+03
5.357000000000000000e+03
5.326000000000000000e+03
5.296000000000000000e+03
5.266000000000000000e+03
5.235000000000000000e+03
5.205000000000000000e+03
5.174000000000000000e+03
5.144000000000000000e+03
5.113000000000000000e+03
5.081000000000000000e+03
5.050000000000000000e+03
5.019000000000000000e+03
4.988000000000000000e+03
4.956000000000000000e+03
4.925000000000000000e+03
4.894000000000000000e+03
4.864000000000000000e+03
4.833000000000000000e+03
4.802000000000000000e+03
4.772000000000000000e+03
4.742000000000000000e+03
4.713000000000000000e+03
4.684000000000000000e+03
4.654000000000000000e+03
4.625000000000000000e+03
4.596000000000000000e+03
4.568000000000000000e+03
4.539000000000000000e+03
4.510000000000000000e+03
4.481000000000000000e+03
4.453000000000000000e+03
4.425000000000000000e+03
4.396000000000000000e+03
4.368000000000000000e+03
4.340000000000000000e+03
4.312000000000000000e+03
4.283000000000000000e+03
4.255000000000000000e+03
4.226000000000000000e+03
4.197000000000000000e+03
4.168000000000000000e+03
4.139000000000000000e+03
4.108000000000000000e+03
4.077000000000000000e+03
4.047000000000000000e+03
4.017000000000000000e+03
3.988000000000000000e+03
3.959000000000000000e+03
3.932000000000000000e+03
3.904000000000000000e+03
3.877000000000000000e+03
3.850000000000000000e+03
3.825000000000000000e+03
3.799000000000000000e+03
3.774000000000000000e+03
3.750000000000000000e+03
3.726000000000000000e+03
3.702000000000000000e+03
3.679000000000000000e+03
3.656000000000000000e+03
3.634000000000000000e+03
3.613000000000000000e+03
3.591000000000000000e+03
3.570000000000000000e+03
3.549000000000000000e+03
3.530000000000000000e+03
3.511000000000000000e+03
3.491000000000000000e+03
3.480000000000000000e+03
3.480000000000000000e+03
3.480000000000000000e+03
1.834200000000000000e+04
1.408300000000000000e+04
1.272200000000000000e+04
1.192300000000000000e+04
1.135400000000000000e+04
1.091100000000000000e+04
1.054800000000000000e+04
1.024000000000000000e+04
9.973000000000000000e+03
9.736000000000000000e+03
9.523000000000000000e+03
9.330000000000000000e+03
9.154000000000000000e+03
8.990000000000000000e+03
8.839000000000000000e+03
8.697000000000000000e+03
8.564000000000000000e+03
8.439000000000000000e+03
8.320000000000000000e+03
8.207000000000000000e+03
8.100000000000000000e+03
7.997000000000000000e+03
7.899000000000000000e+03
7.805000000000000000e+03
7.715000000000000000e+03
7.628000000000000000e+03
7.544000000000000000e+03
7.462000000000000000e+03
7.384000000000000000e+03
7.308000000000000000e+03
7.234000000000000000e+03
7.162000000000000000e+03
7.092000000000000000e+03
7.024000000000000000e+03
6.958000000000000000e+03
6.893000000000000000e+03
6.830000000000000000e+03
6.769000000000000000e+03
6.708000000000000000e+03
6.649000000000000000e+03
6.592000000000000000e+03
6.535000000000000000e+03
6.479000000000000000e+03
6.425000000000000000e+03
6.371000000000000000e+03
6.319000000000000000e+03
6.267000000000000000e+03
6.216000000000000000e+03
6.166000000000000000e+03
6.117000000000000000e+03
6.068000000000000000e+03
6.020000000000000000e+03
5.973000000000000000e+03
5.926000000000000000e+03
5.880000000000000000e+03
5.835000000000000000e+03
5.790000000000000000e+03
5.745000000000000000e+03
5.701000000000000000e+03
5.698000000000000000e+03
5.664000000000000000e+03
5.664000000000000000e+03
5.663000000000000000e+03
5.663000000000000000e+03
5.662000000000000000e+03
5.662000000000000000e+03
5.661000000000000000e+03
5.660000000000000000e+03
5.659000000000000000e+03
5.658000000000000000e+03
5.632000000000000000e+03
5.602000000000000000e+03
5.571000000000000000e+03
5.541000000000000000e+03
5.511000000000000000e+03
5.481000000000000000e+03
5.450000000000000000e+03
5.421000000000000000e+03
5.391000000000000000e+03
5.361000000000000000e+03
5.330000000000000000e+03
5.300000000000000000e+03
5.270000000000000000e+03
5.239000000000000000e+03
5.209000000000000000e+03
5.179000000000000000e+03
5.149000000000000000e+03
5.118000000000000000e+03
5.087000000000000000e+03
5.056000000000000000e+03
5.025000000000000000e+03
4.994000000000000000e+03
4.963000000000000000e+03
4.932000000000000000e+03
4.901000000000000000e+03
4.870000000000000000e+03
4.839000000000000000e+03
4.809000000000000000e+03
4.779000000000000000e+03
4.749000000000000000e+03
4.719000000000000000e+03
4.690000000000000000e+03
4.660000000000000000e+03
4.631000000000000000e+03
4.602000000000000000e+03
4.573000000000000000e+03
4.544000000000000000e+03
4.516000000000000000e+03
4.487000000000000000e+03
4.458000000000000000e+03
4.430000000000000000e+03
4.402000000000000000e+03
4.374000000000000000e+03
4.346000000000000000e+03
4.317000000000000000e+03
4.289000000000000000e+03
4.261000000000000000e+03
4.233000000000000000e+03
4.204000000000000000e+03
4.176000000000000000e+03
4.147000000000000000e+03
4.118000000000000000e+03
4.087000000000000000e+03
4.056000000000000000e+03
4.026000000000000000e+03
3.997000000000000000e+03
3.968000000000000000e+03
3.939000000000000000e+03
3.911000000000000000e+03
3.883000000000000000e+03
3.857000000000000000e+03
3.830000000000000000e+03
3.803000000000000000e+03
3.778000000000000000e+03
3.753000000000000000e+03
3.729000000000000000e+03
3.704000000000000000e+03
3.681000000000000000e+03
3.658000000000000000e+03
3.635000000000000000e+03
3.612000000000000000e+03
3.591000000000000000e+03
3.569000000000000000e+03
3.549000000000000000e+03
3.528000000000000000e+03
3.508000000000000000e+03
3.488000000000000000e+03
3.469000000000000000e+03
3.451000000000000000e+03
3.449000000000000000e+03
3.449000000000000000e+03
1.833200000000000000e+04
1.404200000000000000e+04
1.268200000000000000e+04
1.188400000000000000e+04
1.131700000000000000e+04
1.087500000000000000e+04
1.051200000000000000e+04
1.020500000000000000e+04
9.938000000000000000e+03
9.701000000000000000e+03
9.489000000000000000e+03
9.296000000000000000e+03
9.120000000000000000e+03
8.957000000000000000e+03
8.806000000000000000e+03
8.664000000000000000e+03
8.531000000000000000e+03
8.406000000000000000e+03
8.288000000000000000e+03
8.175000000000000000e+03
8.068000000000000000e+03
7.966000000000000000e+03
7.868000000000000000e+03
7.774000000000000000e+03
7.684000000000000000e+03
7.597000000000000000e+03
7.513000000000000000e+03
7.432000000000000000e+03
7.353000000000000000e+03
7.277000000000000000e+03
7.203000000000000000e+03
7.132000000000000000e+03
7.062000000000000000e+03
6.994000000000000000e+03
6.928000000000000000e+03
6.864000000000000000e+03
6.801000000000000000e+03
6.739000000000000000e+03
6.679000000000000000e+03
6.620000000000000000e+03
6.563000000000000000e+03
6.506000000000000000e+03
6.451000000000000000e+03
6.396000000000000000e+03
6.343000000000000000e+03
6.291000000000000000e+03
6.239000000000000000e+03
6.188000000000000000e+03
6.138000000000000000e+03
6.089000000000000000e+03
6.040000000000000000e+03
5.993000000000000000e+03
5.946000000000000000e+03
5.899000000000000000e+03
5.853000000000000000e+03
5.808000000000000000e+03
5.763000000000000000e+03
5.719000000000000000e+03
5.675000000000000000e+03
5.632000000000000000e+03
5.629000000000000000e+03
5.597000000000000000e+03
5.597000000000000000e+03
5.596000000000000000e+03
5.596000000000000000e+03
5.595000000000000000e+03
5.595000000000000000e+03
5.594000000000000000e+03
5.593000000000000000e+03
5.592000000000000000e+03
5.591000000000000000e+03
5.570000000000000000e+03
5.540000000000000000e+03
5.510000000000000000e+03
5.480000000000000000e+03
5.450000000000000000e+03
5.419000000000000000e+03
5.390000000000000000e+03
5.360000000000000000e+03
5.330000000000000000e+03
5.300000000000000000e+03
5.270000000000000000e+03
5.240000000000000000e+03
5.211000000000000000e+03
5.180000000000000000e+03
5.150000000000000000e+03
5.120000000000000000e+03
5.090000000000000000e+03
5.059000000000000000e+03
5.029000000000000000e+03
4.999000000000000000e+03
4.968000000000000000e+03
4.937000000000000000e+03
4.906000000000000000e+03
4.874000000000000000e+03
4.843000000000000000e+03
4.813000000000000000e+03
4.782000000000000000e+03
4.752000000000000000e+03
4.723000000000000000e+03
4.693000000000000000e+03
4.664000000000000000e+03
4.634000000000000000e+03
4.605000000000000000e+03
4.576000000000000000e+03
4.547000000000000000e+03
4.519000000000000000e+03
4.490000000000000000e+03
4.462000000000000000e+03
4.434000000000000000e+03
4.405000000000000000e+03
4.377000000000000000e+03
4.349000000000000000e+03
4.321000000000000000e+03
4.293000000000000000e+03
4.265000000000000000e+03
4.237000000000000000e+03
4.209000000000000000e+03
4.180000000000000000e+03
4.153000000000000000e+03
4.124000000000000000e+03
4.095000000000000000e+03
4.065000000000000000e+03
4.034000000000000000e+03
4.004000000000000000e+03
3.975000000000000000e+03
3.945000000000000000e+03
3.916000000000000000e+03
3.888000000000000000e+03
3.860000000000000000e+03
3.834000000000000000e+03
3.807000000000000000e+03
3.780000000000000000e+03
3.755000000000000000e+03
3.730000000000000000e+03
3.705000000000000000e+03
3.681000000000000000e+03
3.657000000000000000e+03
3.634000000000000000e+03
3.611000000000000000e+03
3.589000000000000000e+03
3.567000000000000000e+03
3.546000000000000000e+03
3.524000000000000000e+03
3.503000000000000000e+03
3.483000000000000000e+03
3.463000000000000000e+03
3.445000000000000000e+03
3.425000000000000000e+03
3.416000000000000000e+03
3.416000000000000000e+03
1.832300000000000000e+04
1.400500000000000000e+04
1.264700000000000000e+04
1.185000000000000000e+04
1.128300000000000000e+04
1.084200000000000000e+04
1.048000000000000000e+04
1.017300000000000000e+04
9.906000000000000000e+03
9.670000000000000000e+03
9.458000000000000000e+03
9.266000000000000000e+03
9.090000000000000000e+03
8.927000000000000000e+03
8.776000000000000000e+03
8.635000000000000000e+03
8.502000000000000000e+03
8.377000000000000000e+03
8.259000000000000000e+03
8.146000000000000000e+03
8.039000000000000000e+03
7.937000000000000000e+03
7.839000000000000000e+03
7.746000000000000000e+03
7.656000000000000000e+03
7.569000000000000000e+03
7.485000000000000000e+03
7.404000000000000000e+03
7.326000000000000000e+03
7.250000000000000000e+03
7.176000000000000000e+03
7.105000000000000000e+03
7.035000000000000000e+03
6.968000000000000000e+03
6.902000000000000000e+03
6.837000000000000000e+03
6.775000000000000000e+03
6.713000000000000000e+03
6.653000000000000000e+03
6.594000000000000000e+03
6.537000000000000000e+03
6.480000000000000000e+03
6.425000000000000000e+03
6.371000000000000000e+03
6.318000000000000000e+03
6.265000000000000000e+03
6.214000000000000000e+03
6.163000000000000000e+03
6.113000000000000000e+03
6.064000000000000000e+03
6.016000000000000000e+03
5.968000000000000000e+03
5.921000000000000000e+03
5.875000000000000000e+03
5.829000000000000000e+03
5.784000000000000000e+03
5.739000000000000000e+03
5.695000000000000000e+03
5.651000000000000000e+03
5.608000000000000000e+03
5.565000000000000000e+03
5.562000000000000000e+03
5.534000000000000000e+03
5.534000000000000000e+03
5.533000000000000000e+03
5.533000000000000000e+03
5.532000000000000000e+03
5.531000000000000000e+03
5.531000000000000000e+03
5.530000000000000000e+03
5.529000000000000000e+03
5.527000000000000000e+03
5.511000000000000000e+03
5.481000000000000000e+03
5.452000000000000000e+03
5.422000000000000000e+03
5.392000000000000000e+03
5.362000000000000000e+03
5.332000000000000000e+03
5.303000000000000000e+03
5.273000000000000000e+03
5.243000000000000000e+03
5.214000000000000000e+03
5.184000000000000000e+03
5.154000000000000000e+03
5.124000000000000000e+03
5.095000000000000000e+03
5.064000000000000000e+03
5.034000000000000000e+03
5.004000000000000000e+03
4.974000000000000000e+03
4.943000000000000000e+03
4.913000000000000000e+03
4.882000000000000000e+03
4.850000000000000000e+03
4.819000000000000000e+03
4.789000000000000000e+03
4.759000000000000000e+03
4.729000000000000000e+03
4.699000000000000000e+03
4.669000000000000000e+03
4.640000000000000000e+03
4.611000000000000000e+03
4.582000000000000000e+03
4.553000000000000000e+03
4.524000000000000000e+03
4.496000000000000000e+03
4.467000000000000000e+03
4.438000000000000000e+03
4.411000000000000000e+03
4.383000000000000000e+03
4.355000000000000000e+03
4.327000000000000000e+03
4.299000000000000000e+03
4.270000000000000000e+03
4.243000000000000000e+03
4.215000000000000000e+03
4.187000000000000000e+03
4.160000000000000000e+03
4.131000000000000000e+03
4.103000000000000000e+03
4.074000000000000000e+03
4.045000000000000000e+03
4.015000000000000000e+03
3.985000000000000000e+03
3.954000000000000000e+03
3.925000000000000000e+03
3.896000000000000000e+03
3.868000000000000000e+03
3.840000000000000000e+03
3.813000000000000000e+03
3.786000000000000000e+03
3.760000000000000000e+03
3.734000000000000000e+03
3.709000000000000000e+03
3.685000000000000000e+03
3.660000000000000000e+03
3.637000000000000000e+03
3.613000000000000000e+03
3.590000000000000000e+03
3.567000000000000000e+03
3.545000000000000000e+03
3.524000000000000000e+03
3.503000000000000000e+03
3.482000000000000000e+03
3.461000000000000000e+03
3.441000000000000000e+03
3.422000000000000000e+03
3.403000000000000000e+03
3.385000000000000000e+03
3.385000000000000000e+03
1.831300000000000000e+04
1.396300000000000000e+04
1.260800000000000000e+04
1.181200000000000000e+04
1.124600000000000000e+04
1.080500000000000000e+04
1.044400000000000000e+04
1.013700000000000000e+04
9.871000000000000000e+03
9.635000000000000000e+03
9.424000000000000000e+03
9.232000000000000000e+03
9.056000000000000000e+03
8.893000000000000000e+03
8.743000000000000000e+03
8.602000000000000000e+03
8.469000000000000000e+03
8.344000000000000000e+03
8.226000000000000000e+03
8.114000000000000000e+03
8.008000000000000000e+03
7.906000000000000000e+03
7.808000000000000000e+03
7.714000000000000000e+03
7.624000000000000000e+03
7.538000000000000000e+03
7.454000000000000000e+03
7.374000000000000000e+03
7.295000000000000000e+03
7.220000000000000000e+03
7.146000000000000000e+03
7.075000000000000000e+03
7.006000000000000000e+03
6.938000000000000000e+03
6.872000000000000000e+03
6.808000000000000000e+03
6.745000000000000000e+03
6.684000000000000000e+03
6.624000000000000000e+03
6.566000000000000000e+03
6.508000000000000000e+03
6.452000000000000000e+03
6.397000000000000000e+03
6.343000000000000000e+03
6.289000000000000000e+03
6.237000000000000000e+03
6.186000000000000000e+03
6.135000000000000000e+03
6.086000000000000000e+03
6.037000000000000000e+03
5.988000000000000000e+03
5.941000000000000000e+03
5.894000000000000000e+03
5.848000000000000000e+03
5.802000000000000000e+03
5.757000000000000000e+03
5.712000000000000000e+03
5.668000000000000000e+03
5.625000000000000000e+03
5.582000000000000000e+03
5.539000000000000000e+03
5.497000000000000000e+03
5.494000000000000000e+03
5.468000000000000000e+03
5.468000000000000000e+03
5.468000000000000000e+03
5.467000000000000000e+03
5.467000000000000000e+03
5.466000000000000000e+03
5.465000000000000000e+03
5.464000000000000000e+03
5.463000000000000000e+03
5.462000000000000000e+03
5.450000000000000000e+03
5.420000000000000000e+03
5.391000000000000000e+03
5.361000000000000000e+03
5.332000000000000000e+03
5.302000000000000000e+03
5.273000000000000000e+03
5.243000000000000000e+03
5.214000000000000000e+03
5.184000000000000000e+03
5.154000000000000000e+03
5.125000000000000000e+03
5.095000000000000000e+03
5.066000000000000000e+03
5.036000000000000000e+03
5.006000000000000000e+03
4.976000000000000000e+03
4.946000000000000000e+03
4.916000000000000000e+03
4.885000000000000000e+03
4.855000000000000000e+03
4.824000000000000000e+03
4.794000000000000000e+03
4.762000000000000000e+03
4.733000000000000000e+03
4.702000000000000000e+03
4.673000000000000000e+03
4.643000000000000000e+03
4.614000000000000000e+03
4.585000000000000000e+03
4.556000000000000000e+03
4.528000000000000000e+03
4.498000000000000000e+03
4.470000000000000000e+03
4.442000000000000000e+03
4.414000000000000000e+03
4.386000000000000000e+03
4.357000000000000000e+03
4.330000000000000000e+03
4.302000000000000000e+03
4.274000000000000000e+03
4.247000000000000000e+03
4.219000000000000000e+03
4.191000000000000000e+03
4.163000000000000000e+03
4.135000000000000000e+03
4.108000000000000000e+03
4.079000000000000000e+03
4.051000000000000000e+03
4.023000000000000000e+03
3.994000000000000000e+03
3.963000000000000000e+03
3.933000000000000000e+03
3.903000000000000000e+03
3.874000000000000000e+03
3.846000000000000000e+03
3.818000000000000000e+03
3.791000000000000000e+03
3.764000000000000000e+03
3.738000000000000000e+03
3.712000000000000000e+03
3.686000000000000000e+03
3.662000000000000000e+03
3.637000000000000000e+03
3.614000000000000000e+03
3.590000000000000000e+03
3.567000000000000000e+03
3.544000000000000000e+03
3.522000000000000000e+03
3.500000000000000000e+03
3.478000000000000000e+03
3.458000000000000000e+03
3.437000000000000000e+03
3.417000000000000000e+03
3.398000000000000000e+03
3.378000000000000000e+03
3.360000000000000000e+03
3.351000000000000000e+03
1.830400000000000000e+04
1.392600000000000000e+04
1.257200000000000000e+04
1.177800000000000000e+04
1.121200000000000000e+04
1.077200000000000000e+04
1.041100000000000000e+04
1.010500000000000000e+04
9.840000000000000000e+03
9.604000000000000000e+03
9.393000000000000000e+03
9.201000000000000000e+03
9.026000000000000000e+03
8.863000000000000000e+03
8.713000000000000000e+03
8.572000000000000000e+03
8.440000000000000000e+03
8.315000000000000000e+03
8.197000000000000000e+03
8.086000000000000000e+03
7.979000000000000000e+03
7.877000000000000000e+03
7.780000000000000000e+03
7.686000000000000000e+03
7.597000000000000000e+03
7.510000000000000000e+03
7.427000000000000000e+03
7.346000000000000000e+03
7.268000000000000000e+03
7.193000000000000000e+03
7.119000000000000000e+03
7.048000000000000000e+03
6.979000000000000000e+03
6.911000000000000000e+03
6.846000000000000000e+03
6.782000000000000000e+03
6.719000000000000000e+03
6.658000000000000000e+03
6.598000000000000000e+03
6.540000000000000000e+03
6.482000000000000000e+03
6.426000000000000000e+03
6.371000000000000000e+03
6.317000000000000000e+03
6.264000000000000000e+03
6.212000000000000000e+03
6.161000000000000000e+03
6.110000000000000000e+03
6.061000000000000000e+03
6.012000000000000000e+03
5.964000000000000000e+03
5.917000000000000000e+03
5.870000000000000000e+03
5.824000000000000000e+03
5.778000000000000000e+03
5.733000000000000000e+03
5.689000000000000000e+03
5.645000000000000000e+03
5.601000000000000000e+03
5.558000000000000000e+03
5.516000000000000000e+03
5.474000000000000000e+03
5.432000000000000000e+03
5.430000000000000000e+03
5.406000000000000000e+03
5.406000000000000000e+03
5.406000000000000000e+03
5.406000000000000000e+03
5.405000000000000000e+03
5.404000000000000000e+03
5.403000000000000000e+03
5.402000000000000000e+03
5.401000000000000000e+03
5.400000000000000000e+03
5.392000000000000000e+03
5.363000000000000000e+03
5.333000000000000000e+03
5.304000000000000000e+03
5.275000000000000000e+03
5.246000000000000000e+03
5.217000000000000000e+03
5.187000000000000000e+03
5.157000000000000000e+03
5.128000000000000000e+03
5.099000000000000000e+03
5.069000000000000000e+03
5.040000000000000000e+03
5.011000000000000000e+03
4.981000000000000000e+03
4.951000000000000000e+03
4.922000000000000000e+03
4.891000000000000000e+03
4.861000000000000000e+03
4.831000000000000000e+03
4.800000000000000000e+03
4.770000000000000000e+03
4.739000000000000000e+03
4.709000000000000000e+03
4.680000000000000000e+03
4.650000000000000000e+03
4.620000000000000000e+03
4.591000000000000000e+03
4.562000000000000000e+03
4.533000000000000000e+03
4.504000000000000000e+03
4.476000000000000000e+03
4.447000000000000000e+03
4.419000000000000000e+03
4.391000000000000000e+03
4.363000000000000000e+03
4.335000000000000000e+03
4.307000000000000000e+03
4.280000000000000000e+03
4.252000000000000000e+03
4.225000000000000000e+03
4.197000000000000000e+03
4.169000000000000000e+03
4.142000000000000000e+03
4.114000000000000000e+03
4.086000000000000000e+03
4.058000000000000000e+03
4.031000000000000000e+03
4.002000000000000000e+03
3.973000000000000000e+03
3.943000000000000000e+03
3.913000000000000000e+03
3.884000000000000000e+03
3.855000000000000000e+03
3.826000000000000000e+03
3.798000000000000000e+03
3.771000000000000000e+03
3.744000000000000000e+03
3.718000000000000000e+03
3.691000000000000000e+03
3.667000000000000000e+03
3.641000000000000000e+03
3.616000000000000000e+03
3.593000000000000000e+03
3.569000000000000000e+03
3.546000000000000000e+03
3.523000000000000000e+03
3.501000000000000000e+03
3.479000000000000000e+03
3.457000000000000000e+03
3.436000000000000000e+03
3.416000000000000000e+03
3.396000000000000000e+03
3.376000000000000000e+03
3.357000000000000000e+03
3.338000000000000000e+03
3.322000000000000000e+03
1.829500000000000000e+04
1.388800000000000000e+04
1.253600000000000000e+04
1.174300000000000000e+04
1.117900000000000000e+04
1.073900000000000000e+04
1.037900000000000000e+04
1.007300000000000000e+04
9.808000000000000000e+03
9.573000000000000000e+03
9.362000000000000000e+03
9.171000000000000000e+03
8.995000000000000000e+03
8.833000000000000000e+03
8.683000000000000000e+03
8.542000000000000000e+03
8.411000000000000000e+03
8.286000000000000000e+03
8.168000000000000000e+03
8.057000000000000000e+03
7.950000000000000000e+03
7.849000000000000000e+03
7.752000000000000000e+03
7.658000000000000000e+03
7.569000000000000000e+03
7.482000000000000000e+03
7.399000000000000000e+03
7.319000000000000000e+03
7.241000000000000000e+03
7.165000000000000000e+03
7.092000000000000000e+03
7.021000000000000000e+03
6.952000000000000000e+03
6.885000000000000000e+03
6.819000000000000000e+03
6.755000000000000000e+03
6.693000000000000000e+03
6.632000000000000000e+03
6.572000000000000000e+03
6.514000000000000000e+03
6.457000000000000000e+03
6.401000000000000000e+03
6.346000000000000000e+03
6.292000000000000000e+03
6.239000000000000000e+03
6.187000000000000000e+03
6.136000000000000000e+03
6.086000000000000000e+03
6.036000000000000000e+03
5.987000000000000000e+03
5.939000000000000000e+03
5.892000000000000000e+03
5.846000000000000000e+03
5.799000000000000000e+03
5.754000000000000000e+03
5.709000000000000000e+03
5.665000000000000000e+03
5.621000000000000000e+03
5.578000000000000000e+03
5.535000000000000000e+03
5.493000000000000000e+03
5.451000000000000000e+03
5.409000000000000000e+03
5.368000000000000000e+03
5.365000000000000000e+03
5.345000000000000000e+03
5.345000000000000000e+03
5.345000000000000000e+03
5.344000000000000000e+03
5.344000000000000000e+03
5.343000000000000000e+03
5.342000000000000000e+03
5.341000000000000000e+03
5.340000000000000000e+03
5.339000000000000000e+03
5.335000000000000000e+03
5.305000000000000000e+03
5.277000000000000000e+03
5.248000000000000000e+03
5.218000000000000000e+03
5.189000000000000000e+03
5.160000000000000000e+03
5.131000000000000000e+03
5.102000000000000000e+03
5.073000000000000000e+03
5.044000000000000000e+03
5.014000000000000000e+03
4.985000000000000000e+03
4.956000000000000000e+03
4.926000000000000000e+03
4.896000000000000000e+03
4.867000000000000000e+03
4.837000000000000000e+03
4.807000000000000000e+03
4.777000000000000000e+03
4.746000000000000000e+03
4.715000000000000000e+03
4.686000000000000000e+03
4.656000000000000000e+03
4.626000000000000000e+03
4.597000000000000000e+03
4.568000000000000000e+03
4.539000000000000000e+03
4.510000000000000000e+03
4.482000000000000000e+03
4.453000000000000000e+03
4.425000000000000000e+03
4.396000000000000000e+03
4.369000000000000000e+03
4.340000000000000000e+03
4.313000000000000000e+03
4.285000000000000000e+03
4.258000000000000000e+03
4.230000000000000000e+03
4.203000000000000000e+03
4.175000000000000000e+03
4.147000000000000000e+03
4.120000000000000000e+03
4.093000000000000000e+03
4.065000000000000000e+03
4.038000000000000000e+03
4.010000000000000000e+03
3.982000000000000000e+03
3.953000000000000000e+03
3.925000000000000000e+03
3.894000000000000000e+03
3.865000000000000000e+03
3.835000000000000000e+03
3.806000000000000000e+03
3.779000000000000000e+03
3.751000000000000000e+03
3.724000000000000000e+03
3.697000000000000000e+03
3.672000000000000000e+03
3.646000000000000000e+03
3.621000000000000000e+03
3.597000000000000000e+03
3.572000000000000000e+03
3.549000000000000000e+03
3.525000000000000000e+03
3.503000000000000000e+03
3.480000000000000000e+03
3.458000000000000000e+03
3.437000000000000000e+03
3.415000000000000000e+03
3.394000000000000000e+03
3.374000000000000000e+03
3.354000000000000000e+03
3.335000000000000000e+03
3.316000000000000000e+03
inf
1.828600000000000000e+04
1.385100000000000000e+04
1.250100000000000000e+04
1.170900000000000000e+04
1.114500000000000000e+04
1.070600000000000000e+04
1.034700000000000000e+04
1.004200000000000000e+04
9.776000000000000000e+03
9.542000000000000000e+03
9.331000000000000000e+03
9.140000000000000000e+03
8.965000000000000000e+03
8.803000000000000000e+03
8.653000000000000000e+03
8.513000000000000000e+03
8.381000000000000000e+03
8.257000000000000000e+03
8.140000000000000000e+03
8.028000000000000000e+03
7.922000000000000000e+03
7.820000000000000000e+03
7.723000000000000000e+03
7.630000000000000000e+03
7.541000000000000000e+03
7.455000000000000000e+03
7.372000000000000000e+03
7.291000000000000000e+03
7.214000000000000000e+03
7.138000000000000000e+03
7.065000000000000000e+03
6.994000000000000000e+03
6.925000000000000000e+03
6.858000000000000000e+03
6.793000000000000000e+03
6.729000000000000000e+03
6.667000000000000000e+03
6.606000000000000000e+03
6.546000000000000000e+03
6.488000000000000000e+03
6.431000000000000000e+03
6.375000000000000000e+03
6.320000000000000000e+03
6.267000000000000000e+03
6.214000000000000000e+03
6.162000000000000000e+03
6.111000000000000000e+03
6.061000000000000000e+03
6.012000000000000000e+03
5.963000000000000000e+03
5.915000000000000000e+03
5.868000000000000000e+03
5.821000000000000000e+03
5.775000000000000000e+03
5.730000000000000000e+03
5.685000000000000000e+03
5.641000000000000000e+03
5.598000000000000000e+03
5.554000000000000000e+03
5.512000000000000000e+03
5.469000000000000000e+03
5.428000000000000000e+03
5.386000000000000000e+03
5.345000000000000000e+03
5.305000000000000000e+03
5.302000000000000000e+03
5.285000000000000000e+03
5.285000000000000000e+03
5.284000000000000000e+03
5.284000000000000000e+03
5.283000000000000000e+03
5.282000000000000000e+03
5.281000000000000000e+03
5.280000000000000000e+03
5.279000000000000000e+03
5.278000000000000000e+03
5.277000000000000000e+03
5.249000000000000000e+03
5.220000000000000000e+03
5.191000000000000000e+03
5.162000000000000000e+03
5.133000000000000000e+03
5.104000000000000000e+03
5.076000000000000000e+03
5.047000000000000000e+03
5.017000000000000000e+03
4.989000000000000000e+03
4.959000000000000000e+03
4.931000000000000000e+03
4.901000000000000000e+03
4.872000000000000000e+03
4.842000000000000000e+03
4.812000000000000000e+03
4.782000000000000000e+03
4.752000000000000000e+03
4.722000000000000000e+03
4.692000000000000000e+03
4.662000000000000000e+03
4.633000000000000000e+03
4.603000000000000000e+03
4.574000000000000000e+03
4.545000000000000000e+03
4.516000000000000000e+03
4.487000000000000000e+03
4.459000000000000000e+03
4.431000000000000000e+03
4.402000000000000000e+03
4.374000000000000000e+03
4.346000000000000000e+03
4.318000000000000000e+03
4.290000000000000000e+03
4.263000000000000000e+03
4.236000000000000000e+03
4.208000000000000000e+03
4.181000000000000000e+03
4.153000000000000000e+03
4.126000000000000000e+03
4.099000000000000000e+03
4.072000000000000000e+03
4.044000000000000000e+03
4.017000000000000000e+03
3.989000000000000000e+03
3.961000000000000000e+03
3.934000000000000000e+03
3.905000000000000000e+03
3.875000000000000000e+03
3.845000000000000000e+03
3.816000000000000000e+03
3.787000000000000000e+03
3.760000000000000000e+03
3.732000000000000000e+03
3.704000000000000000e+03
3.678000000000000000e+03
3.652000000000000000e+03
3.626000000000000000e+03
3.601000000000000000e+03
3.576000000000000000e+03
3.552000000000000000e+03
3.528000000000000000e+03
3.504000000000000000e+03
3.482000000000000000e+03
3.459000000000000000e+03
3.437000000000000000e+03
3.416000000000000000e+03
3.394000000000000000e+03
3.373000000000000000e+03
3.353000000000000000e+03
3.333000000000000000e+03
3.314000000000000000e+03
3.294000000000000000e+03
inf
1.827700000000000000e+04
1.381300000000000000e+04
1.246500000000000000e+04
1.167400000000000000e+04
1.111100000000000000e+04
1.067300000000000000e+04
1.031400000000000000e+04
1.001000000000000000e+04
9.745000000000000000e+03
9.511000000000000000e+03
9.300000000000000000e+03
9.110000000000000000e+03
8.935000000000000000e+03
8.773000000000000000e+03
8.623000000000000000e+03
8.483000000000000000e+03
8.352000000000000000e+03
8.228000000000000000e+03
8.111000000000000000e+03
7.999000000000000000e+03
7.893000000000000000e+03
7.792000000000000000e+03
7.695000000000000000e+03
7.602000000000000000e+03
7.513000000000000000e+03
7.427000000000000000e+03
7.344000000000000000e+03
7.264000000000000000e+03
7.186000000000000000e+03
7.111000000000000000e+03
7.038000000000000000e+03
6.968000000000000000e+03
6.899000000000000000e+03
6.832000000000000000e+03
6.766000000000000000e+03
6.703000000000000000e+03
6.641000000000000000e+03
6.580000000000000000e+03
6.520000000000000000e+03
6.462000000000000000e+03
6.406000000000000000e+03
6.350000000000000000e+03
6.295000000000000000e+03
6.241000000000000000e+03
6.189000000000000000e+03
6.137000000000000000e+03
6.086000000000000000e+03
6.036000000000000000e+03
5.987000000000000000e+03
5.938000000000000000e+03
5.891000000000000000e+03
5.844000000000000000e+03
5.797000000000000000e+03
5.751000000000000000e+03
5.706000000000000000e+03
5.662000000000000000e+03
5.618000000000000000e+03
5.574000000000000000e+03
5.531000000000000000e+03
5.488000000000000000e+03
5.446000000000000000e+03
5.405000000000000000e+03
5.363000000000000000e+03
5.322000000000000000e+03
5.282000000000000000e+03
5.242000000000000000e+03
5.240000000000000000e+03
5.225000000000000000e+03
5.225000000000000000e+03
5.224000000000000000e+03
5.224000000000000000e+03
5.223000000000000000e+03
5.222000000000000000e+03
5.221000000000000000e+03
5.220000000000000000e+03
5.219000000000000000e+03
5.218000000000000000e+03
5.217000000000000000e+03
5.192000000000000000e+03
5.164000000000000000e+03
5.136000000000000000e+03
5.107000000000000000e+03
5.078000000000000000e+03
5.049000000000000000e+03
5.020000000000000000e+03
4.992000000000000000e+03
4.963000000000000000e+03
4.934000000000000000e+03
4.905000000000000000e+03
4.876000000000000000e+03
4.847000000000000000e+03
4.818000000000000000e+03
4.788000000000000000e+03
4.759000000000000000e+03
4.729000000000000000e+03
4.699000000000000000e+03
4.669000000000000000e+03
4.639000000000000000e+03
4.610000000000000000e+03
4.580000000000000000e+03
4.551000000000000000e+03
4.522000000000000000e+03
4.493000000000000000e+03
4.464000000000000000e+03
4.436000000000000000e+03
4.408000000000000000e+03
4.380000000000000000e+03
4.351000000000000000e+03
4.324000000000000000e+03
4.296000000000000000e+03
4.269000000000000000e+03
4.241000000000000000e+03
4.213000000000000000e+03
4.186000000000000000e+03
4.159000000000000000e+03
4.132000000000000000e+03
4.105000000000000000e+03
4.078000000000000000e+03
4.050000000000000000e+03
4.023000000000000000e+03
3.996000000000000000e+03
3.969000000000000000e+03
3.941000000000000000e+03
3.914000000000000000e+03
3.885000000000000000e+03
3.856000000000000000e+03
3.826000000000000000e+03
3.797000000000000000e+03
3.769000000000000000e+03
3.740000000000000000e+03
3.712000000000000000e+03
3.685000000000000000e+03
3.659000000000000000e+03
3.632000000000000000e+03
3.606000000000000000e+03
3.581000000000000000e+03
3.556000000000000000e+03
3.532000000000000000e+03
3.508000000000000000e+03
3.484000000000000000e+03
3.462000000000000000e+03
3.439000000000000000e+03
3.417000000000000000e+03
3.395000000000000000e+03
3.373000000000000000e+03
3.353000000000000000e+03
3.332000000000000000e+03
3.312000000000000000e+03
3.293000000000000000e+03
3.273000000000000000e+03
inf
1.826800000000000000e+04
1.377500000000000000e+04
1.243000000000000000e+04
1.164000000000000000e+04
1.107800000000000000e+04
1.064000000000000000e+04
1.028200000000000000e+04
9.978000000000000000e+03
9.713000000000000000e+03
9.479000000000000000e+03
9.270000000000000000e+03
9.079000000000000000e+03
8.904000000000000000e+03
8.743000000000000000e+03
8.594000000000000000e+03
8.454000000000000000e+03
8.323000000000000000e+03
8.199000000000000000e+03
8.082000000000000000e+03
7.971000000000000000e+03
7.865000000000000000e+03
7.764000000000000000e+03
7.667000000000000000e+03
7.574000000000000000e+03
7.485000000000000000e+03
7.399000000000000000e+03
7.317000000000000000e+03
7.237000000000000000e+03
7.159000000000000000e+03
7.084000000000000000e+03
7.011000000000000000e+03
6.941000000000000000e+03
6.872000000000000000e+03
6.805000000000000000e+03
6.740000000000000000e+03
6.677000000000000000e+03
6.615000000000000000e+03
6.554000000000000000e+03
6.495000000000000000e+03
6.437000000000000000e+03
6.380000000000000000e+03
6.324000000000000000e+03
6.270000000000000000e+03
6.216000000000000000e+03
6.164000000000000000e+03
6.112000000000000000e+03
6.061000000000000000e+03
6.011000000000000000e+03
5.962000000000000000e+03
5.914000000000000000e+03
5.866000000000000000e+03
5.819000000000000000e+03
5.773000000000000000e+03
5.728000000000000000e+03
5.682000000000000000e+03
5.638000000000000000e+03
5.594000000000000000e+03
5.551000000000000000e+03
5.508000000000000000e+03
5.465000000000000000e+03
5.423000000000000000e+03
5.382000000000000000e+03
5.341000000000000000e+03
5.300000000000000000e+03
5.259000000000000000e+03
5.219000000000000000e+03
5.180000000000000000e+03
5.177000000000000000e+03
5.165000000000000000e+03
5.165000000000000000e+03
5.165000000000000000e+03
5.165000000000000000e+03
5.164000000000000000e+03
5.163000000000000000e+03
5.162000000000000000e+03
5.161000000000000000e+03
5.160000000000000000e+03
5.159000000000000000e+03
5.158000000000000000e+03
5.137000000000000000e+03
5.108000000000000000e+03
5.080000000000000000e+03
5.051000000000000000e+03
5.023000000000000000e+03
4.995000000000000000e+03
4.966000000000000000e+03
4.938000000000000000e+03
4.908000000000000000e+03
4.880000000000000000e+03
4.851000000000000000e+03
4.822000000000000000e+03
4.793000000000000000e+03
4.764000000000000000e+03
4.735000000000000000e+03
4.705000000000000000e+03
4.676000000000000000e+03
4.646000000000000000e+03
4.616000000000000000e+03
4.586000000000000000e+03
4.557000000000000000e+03
4.528000000000000000e+03
4.499000000000000000e+03
4.470000000000000000e+03
4.441000000000000000e+03
4.413000000000000000e+03
4.385000000000000000e+03
4.357000000000000000e+03
4.329000000000000000e+03
4.301000000000000000e+03
4.274000000000000000e+03
4.246000000000000000e+03
4.219000000000000000e+03
4.192000000000000000e+03
4.164000000000000000e+03
4.137000000000000000e+03
4.110000000000000000e+03
4.083000000000000000e+03
4.056000000000000000e+03
4.029000000000000000e+03
4.002000000000000000e+03
3.975000000000000000e+03
3.948000000000000000e+03
3.920000000000000000e+03
3.893000000000000000e+03
3.865000000000000000e+03
3.837000000000000000e+03
3.807000000000000000e+03
3.779000000000000000e+03
3.749000000000000000e+03
3.721000000000000000e+03
3.693000000000000000e+03
3.666000000000000000e+03
3.639000000000000000e+03
3.613000000000000000e+03
3.586000000000000000e+03
3.562000000000000000e+03
3.536000000000000000e+03
3.512000000000000000e+03
3.488000000000000000e+03
3.464000000000000000e+03
3.441000000000000000e+03
3.418000000000000000e+03
3.396000000000000000e+03
3.375000000000000000e+03
3.353000000000000000e+03
3.332000000000000000e+03
3.311000000000000000e+03
3.291000000000000000e+03
3.271000000000000000e+03
3.252000000000000000e+03
inf
1.826000000000000000e+04
1.374200000000000000e+04
1.239800000000000000e+04
1.160900000000000000e+04
1.104800000000000000e+04
1.061100000000000000e+04
1.025300000000000000e+04
9.949000000000000000e+03
9.685000000000000000e+03
9.452000000000000000e+03
9.242000000000000000e+03
9.052000000000000000e+03
8.878000000000000000e+03
8.717000000000000000e+03
8.567000000000000000e+03
8.428000000000000000e+03
8.297000000000000000e+03
8.173000000000000000e+03
8.056000000000000000e+03
7.945000000000000000e+03
7.840000000000000000e+03
7.739000000000000000e+03
7.642000000000000000e+03
7.550000000000000000e+03
7.461000000000000000e+03
7.375000000000000000e+03
7.292000000000000000e+03
7.212000000000000000e+03
7.135000000000000000e+03
7.060000000000000000e+03
6.988000000000000000e+03
6.917000000000000000e+03
6.848000000000000000e+03
6.782000000000000000e+03
6.717000000000000000e+03
6.653000000000000000e+03
6.591000000000000000e+03
6.531000000000000000e+03
6.472000000000000000e+03
6.414000000000000000e+03
6.357000000000000000e+03
6.302000000000000000e+03
6.247000000000000000e+03
6.194000000000000000e+03
6.142000000000000000e+03
6.090000000000000000e+03
6.039000000000000000e+03
5.990000000000000000e+03
5.941000000000000000e+03
5.892000000000000000e+03
5.845000000000000000e+03
5.798000000000000000e+03
5.752000000000000000e+03
5.706000000000000000e+03
5.661000000000000000e+03
5.617000000000000000e+03
5.573000000000000000e+03
5.530000000000000000e+03
5.487000000000000000e+03
5.445000000000000000e+03
5.403000000000000000e+03
5.361000000000000000e+03
5.320000000000000000e+03
5.280000000000000000e+03
5.239000000000000000e+03
5.200000000000000000e+03
5.160000000000000000e+03
5.121000000000000000e+03
5.119000000000000000e+03
5.110000000000000000e+03
5.109000000000000000e+03
5.109000000000000000e+03
5.109000000000000000e+03
5.108000000000000000e+03
5.107000000000000000e+03
5.106000000000000000e+03
5.105000000000000000e+03
5.104000000000000000e+03
5.103000000000000000e+03
5.101000000000000000e+03
5.085000000000000000e+03
5.056000000000000000e+03
5.028000000000000000e+03
5.000000000000000000e+03
4.971000000000000000e+03
4.943000000000000000e+03
4.915000000000000000e+03
4.886000000000000000e+03
4.858000000000000000e+03
4.829000000000000000e+03
4.800000000000000000e+03
4.772000000000000000e+03
4.743000000000000000e+03
4.713000000000000000e+03
4.684000000000000000e+03
4.655000000000000000e+03
4.625000000000000000e+03
4.596000000000000000e+03
4.566000000000000000e+03
4.536000000000000000e+03
4.508000000000000000e+03
4.478000000000000000e+03
4.450000000000000000e+03
4.422000000000000000e+03
4.393000000000000000e+03
4.365000000000000000e+03
4.337000000000000000e+03
4.310000000000000000e+03
4.281000000000000000e+03
4.254000000000000000e+03
4.226000000000000000e+03
4.200000000000000000e+03
4.172000000000000000e+03
4.145000000000000000e+03
4.118000000000000000e+03
4.091000000000000000e+03
4.064000000000000000e+03
4.037000000000000000e+03
4.011000000000000000e+03
3.983000000000000000e+03
3.957000000000000000e+03
3.930000000000000000e+03
3.903000000000000000e+03
3.875000000000000000e+03
3.848000000000000000e+03
3.820000000000000000e+03
3.791000000000000000e+03
3.761000000000000000e+03
3.733000000000000000e+03
3.705000000000000000e+03
3.676000000000000000e+03
3.649000000000000000e+03
3.622000000000000000e+03
3.596000000000000000e+03
3.569000000000000000e+03
3.544000000000000000e+03
3.519000000000000000e+03
3.494000000000000000e+03
3.470000000000000000e+03
3.447000000000000000e+03
3.423000000000000000e+03
3.401000000000000000e+03
3.378000000000000000e+03
3.356000000000000000e+03
3.335000000000000000e+03
3.313000000000000000e+03
3.293000000000000000e+03
3.273000000000000000e+03
3.253000000000000000e+03
3.233000000000000000e+03
inf
1.825100000000000000e+04
1.370400000000000000e+04
1.236200000000000000e+04
1.157500000000000000e+04
1.101400000000000000e+04
1.057800000000000000e+04
1.022000000000000000e+04
9.917000000000000000e+03
9.654000000000000000e+03
9.421000000000000000e+03
9.211000000000000000e+03
9.021000000000000000e+03
8.847000000000000000e+03
8.687000000000000000e+03
8.538000000000000000e+03
8.398000000000000000e+03
8.267000000000000000e+03
8.144000000000000000e+03
8.027000000000000000e+03
7.917000000000000000e+03
7.811000000000000000e+03
7.710000000000000000e+03
7.614000000000000000e+03
7.522000000000000000e+03
7.433000000000000000e+03
7.347000000000000000e+03
7.265000000000000000e+03
7.185000000000000000e+03
7.108000000000000000e+03
7.033000000000000000e+03
6.961000000000000000e+03
6.890000000000000000e+03
6.822000000000000000e+03
6.755000000000000000e+03
6.690000000000000000e+03
6.627000000000000000e+03
6.565000000000000000e+03
6.505000000000000000e+03
6.446000000000000000e+03
6.388000000000000000e+03
6.332000000000000000e+03
6.276000000000000000e+03
6.222000000000000000e+03
6.169000000000000000e+03
6.117000000000000000e+03
6.065000000000000000e+03
6.015000000000000000e+03
5.965000000000000000e+03
5.916000000000000000e+03
5.868000000000000000e+03
5.821000000000000000e+03
5.774000000000000000e+03
5.728000000000000000e+03
5.683000000000000000e+03
5.638000000000000000e+03
5.593000000000000000e+03
5.550000000000000000e+03
5.507000000000000000e+03
5.464000000000000000e+03
5.422000000000000000e+03
5.380000000000000000e+03
5.339000000000000000e+03
5.298000000000000000e+03
5.257000000000000000e+03
5.217000000000000000e+03
5.177000000000000000e+03
5.138000000000000000e+03
5.099000000000000000e+03
5.060000000000000000e+03
5.058000000000000000e+03
5.051000000000000000e+03
5.051000000000000000e+03
5.051000000000000000e+03
5.050000000000000000e+03
5.050000000000000000e+03
5.049000000000000000e+03
5.048000000000000000e+03
5.047000000000000000e+03
5.046000000000000000e+03
5.045000000000000000e+03
5.043000000000000000e+03
5.029000000000000000e+03
5.001000000000000000e+03
4.973000000000000000e+03
4.945000000000000000e+03
4.917000000000000000e+03
4.889000000000000000e+03
4.861000000000000000e+03
4.832000000000000000e+03
4.804000000000000000e+03
4.775000000000000000e+03
4.747000000000000000e+03
4.718000000000000000e+03
4.689000000000000000e+03
4.660000000000000000e+03
4.631000000000000000e+03
4.602000000000000000e+03
4.572000000000000000e+03
4.543000000000000000e+03
4.514000000000000000e+03
4.485000000000000000e+03
4.456000000000000000e+03
4.428000000000000000e+03
4.399000000000000000e+03
4.371000000000000000e+03
4.343000000000000000e+03
4.315000000000000000e+03
4.287000000000000000e+03
4.259000000000000000e+03
4.232000000000000000e+03
4.205000000000000000e+03
4.178000000000000000e+03
4.150000000000000000e+03
4.123000000000000000e+03
4.097000000000000000e+03
4.070000000000000000e+03
4.043000000000000000e+03
4.016000000000000000e+03
3.989000000000000000e+03
3.963000000000000000e+03
3.936000000000000000e+03
3.909000000000000000e+03
3.882000000000000000e+03
3.855000000000000000e+03
3.828000000000000000e+03
3.801000000000000000e+03
3.772000000000000000e+03
3.743000000000000000e+03
3.714000000000000000e+03
3.686000000000000000e+03
3.658000000000000000e+03
3.630000000000000000e+03
3.603000000000000000e+03
3.577000000000000000e+03
3.550000000000000000e+03
3.524000000000000000e+03
3.500000000000000000e+03
3.475000000000000000e+03
3.451000000000000000e+03
3.427000000000000000e+03
3.403000000000000000e+03
3.381000000000000000e+03
3.358000000000000000e+03
3.336000000000000000e+03
3.315000000000000000e+03
3.293000000000000000e+03
3.272000000000000000e+03
3.252000000000000000e+03
3.232000000000000000e+03
3.213000000000000000e+03
inf
1.824300000000000000e+04
1.367100000000000000e+04
1.233000000000000000e+04
1.154400000000000000e+04
1.098400000000000000e+04
1.054900000000000000e+04
1.019200000000000000e+04
9.889000000000000000e+03
9.626000000000000000e+03
9.393000000000000000e+03
9.184000000000000000e+03
8.994000000000000000e+03
8.821000000000000000e+03
8.660000000000000000e+03
8.511000000000000000e+03
8.372000000000000000e+03
8.241000000000000000e+03
8.118000000000000000e+03
8.002000000000000000e+03
7.891000000000000000e+03
7.786000000000000000e+03
7.685000000000000000e+03
7.589000000000000000e+03
7.497000000000000000e+03
7.408000000000000000e+03
7.323000000000000000e+03
7.240000000000000000e+03
7.161000000000000000e+03
7.084000000000000000e+03
7.009000000000000000e+03
6.937000000000000000e+03
6.867000000000000000e+03
6.798000000000000000e+03
6.732000000000000000e+03
6.667000000000000000e+03
6.604000000000000000e+03
6.542000000000000000e+03
6.482000000000000000e+03
6.423000000000000000e+03
6.366000000000000000e+03
6.309000000000000000e+03
6.254000000000000000e+03
6.200000000000000000e+03
6.147000000000000000e+03
6.094000000000000000e+03
6.043000000000000000e+03
5.993000000000000000e+03
5.943000000000000000e+03
5.895000000000000000e+03
5.847000000000000000e+03
5.799000000000000000e+03
5.753000000000000000e+03
5.707000000000000000e+03
5.661000000000000000e+03
5.617000000000000000e+03
5.573000000000000000e+03
5.529000000000000000e+03
5.486000000000000000e+03
5.443000000000000000e+03
5.401000000000000000e+03
5.360000000000000000e+03
5.318000000000000000e+03
5.278000000000000000e+03
5.237000000000000000e+03
5.197000000000000000e+03
5.158000000000000000e+03
5.118000000000000000e+03
5.079000000000000000e+03
5.040000000000000000e+03
5.002000000000000000e+03
5.000000000000000000e+03
4.997000000000000000e+03
4.997000000000000000e+03
4.996000000000000000e+03
4.996000000000000000e+03
4.995000000000000000e+03
4.994000000000000000e+03
4.993000000000000000e+03
4.992000000000000000e+03
4.991000000000000000e+03
4.990000000000000000e+03
4.988000000000000000e+03
4.978000000000000000e+03
4.950000000000000000e+03
4.922000000000000000e+03
4.894000000000000000e+03
4.866000000000000000e+03
4.838000000000000000e+03
4.810000000000000000e+03
4.782000000000000000e+03
4.753000000000000000e+03
4.725000000000000000e+03
4.696000000000000000e+03
4.668000000000000000e+03
4.640000000000000000e+03
4.611000000000000000e+03
4.582000000000000000e+03
4.552000000000000000e+03
4.523000000000000000e+03
4.493000000000000000e+03
4.464000000000000000e+03
4.436000000000000000e+03
4.407000000000000000e+03
4.379000000000000000e+03
4.351000000000000000e+03
4.323000000000000000e+03
4.295000000000000000e+03
4.267000000000000000e+03
4.240000000000000000e+03
4.213000000000000000e+03
4.185000000000000000e+03
4.158000000000000000e+03
4.131000000000000000e+03
4.104000000000000000e+03
4.078000000000000000e+03
4.051000000000000000e+03
4.024000000000000000e+03
3.998000000000000000e+03
3.971000000000000000e+03
3.944000000000000000e+03
3.918000000000000000e+03
3.891000000000000000e+03
3.864000000000000000e+03
3.838000000000000000e+03
3.810000000000000000e+03
3.783000000000000000e+03
3.756000000000000000e+03
3.727000000000000000e+03
3.698000000000000000e+03
3.669000000000000000e+03
3.641000000000000000e+03
3.614000000000000000e+03
3.586000000000000000e+03
3.559000000000000000e+03
3.534000000000000000e+03
3.508000000000000000e+03
3.482000000000000000e+03
3.458000000000000000e+03
3.433000000000000000e+03
3.409000000000000000e+03
3.386000000000000000e+03
3.363000000000000000e+03
3.341000000000000000e+03
3.318000000000000000e+03
3.297000000000000000e+03
3.276000000000000000e+03
3.254000000000000000e+03
3.234000000000000000e+03
3.214000000000000000e+03
3.194000000000000000e+03
inf
1.823400000000000000e+04
1.363300000000000000e+04
1.229500000000000000e+04
1.150900000000000000e+04
1.095100000000000000e+04
1.051600000000000000e+04
1.015900000000000000e+04
9.857000000000000000e+03
9.594000000000000000e+03
9.362000000000000000e+03
9.153000000000000000e+03
8.964000000000000000e+03
8.790000000000000000e+03
8.630000000000000000e+03
8.482000000000000000e+03
8.343000000000000000e+03
8.212000000000000000e+03
8.089000000000000000e+03
7.973000000000000000e+03
7.863000000000000000e+03
7.758000000000000000e+03
7.657000000000000000e+03
7.561000000000000000e+03
7.469000000000000000e+03
7.381000000000000000e+03
7.295000000000000000e+03
7.213000000000000000e+03
7.134000000000000000e+03
7.057000000000000000e+03
6.982000000000000000e+03
6.910000000000000000e+03
6.840000000000000000e+03
6.772000000000000000e+03
6.706000000000000000e+03
6.641000000000000000e+03
6.578000000000000000e+03
6.517000000000000000e+03
6.456000000000000000e+03
6.398000000000000000e+03
6.340000000000000000e+03
6.284000000000000000e+03
6.229000000000000000e+03
6.175000000000000000e+03
6.122000000000000000e+03
6.070000000000000000e+03
6.019000000000000000e+03
5.968000000000000000e+03
5.919000000000000000e+03
5.870000000000000000e+03
5.822000000000000000e+03
5.775000000000000000e+03
5.729000000000000000e+03
5.683000000000000000e+03
5.638000000000000000e+03
5.593000000000000000e+03
5.549000000000000000e+03
5.506000000000000000e+03
5.463000000000000000e+03
5.420000000000000000e+03
5.378000000000000000e+03
5.337000000000000000e+03
5.296000000000000000e+03
5.255000000000000000e+03
5.215000000000000000e+03
5.175000000000000000e+03
5.135000000000000000e+03
5.096000000000000000e+03
5.057000000000000000e+03
5.019000000000000000e+03
4.981000000000000000e+03
4.943000000000000000e+03
4.941000000000000000e+03
4.940000000000000000e+03
4.940000000000000000e+03
4.939000000000000000e+03
4.939000000000000000e+03
4.938000000000000000e+03
4.937000000000000000e+03
4.936000000000000000e+03
4.935000000000000000e+03
4.934000000000000000e+03
4.933000000000000000e+03
4.931000000000000000e+03
4.923000000000000000e+03
4.896000000000000000e+03
4.868000000000000000e+03
4.840000000000000000e+03
4.812000000000000000e+03
4.784000000000000000e+03
4.757000000000000000e+03
4.728000000000000000e+03
4.700000000000000000e+03
4.672000000000000000e+03
4.644000000000000000e+03
4.615000000000000000e+03
4.587000000000000000e+03
4.558000000000000000e+03
4.529000000000000000e+03
4.500000000000000000e+03
4.471000000000000000e+03
4.442000000000000000e+03
4.413000000000000000e+03
4.385000000000000000e+03
4.356000000000000000e+03
4.328000000000000000e+03
4.301000000000000000e+03
4.273000000000000000e+03
4.245000000000000000e+03
4.218000000000000000e+03
4.191000000000000000e+03
4.164000000000000000e+03
4.136000000000000000e+03
4.110000000000000000e+03
4.083000000000000000e+03
4.056000000000000000e+03
4.029000000000000000e+03
4.003000000000000000e+03
3.976000000000000000e+03
3.950000000000000000e+03
3.923000000000000000e+03
3.897000000000000000e+03
3.870000000000000000e+03
3.844000000000000000e+03
3.817000000000000000e+03
3.791000000000000000e+03
3.763000000000000000e+03
3.737000000000000000e+03
3.709000000000000000e+03
3.680000000000000000e+03
3.651000000000000000e+03
3.622000000000000000e+03
3.595000000000000000e+03
3.568000000000000000e+03
3.541000000000000000e+03
3.515000000000000000e+03
3.489000000000000000e+03
3.463000000000000000e+03
3.439000000000000000e+03
3.414000000000000000e+03
3.390000000000000000e+03
3.367000000000000000e+03
3.343000000000000000e+03
3.321000000000000000e+03
3.298000000000000000e+03
3.277000000000000000e+03
3.255000000000000000e+03
3.234000000000000000e+03
3.214000000000000000e+03
3.194000000000000000e+03
3.173000000000000000e+03
inf
1.822600000000000000e+04
1.359900000000000000e+04
1.226300000000000000e+04
1.147900000000000000e+04
1.092100000000000000e+04
1.048600000000000000e+04
1.013000000000000000e+04
9.829000000000000000e+03
9.566000000000000000e+03
9.334000000000000000e+03
9.126000000000000000e+03
8.937000000000000000e+03
8.764000000000000000e+03
8.604000000000000000e+03
8.455000000000000000e+03
8.317000000000000000e+03
8.186000000000000000e+03
8.064000000000000000e+03
7.948000000000000000e+03
7.837000000000000000e+03
7.732000000000000000e+03
7.632000000000000000e+03
7.536000000000000000e+03
7.444000000000000000e+03
7.356000000000000000e+03
7.271000000000000000e+03
7.189000000000000000e+03
7.110000000000000000e+03
7.033000000000000000e+03
6.959000000000000000e+03
6.887000000000000000e+03
6.817000000000000000e+03
6.749000000000000000e+03
6.682000000000000000e+03
6.618000000000000000e+03
6.555000000000000000e+03
6.494000000000000000e+03
6.434000000000000000e+03
6.375000000000000000e+03
6.318000000000000000e+03
6.262000000000000000e+03
6.207000000000000000e+03
6.153000000000000000e+03
6.100000000000000000e+03
6.048000000000000000e+03
5.997000000000000000e+03
5.946000000000000000e+03
5.897000000000000000e+03
5.849000000000000000e+03
5.801000000000000000e+03
5.754000000000000000e+03
5.707000000000000000e+03
5.662000000000000000e+03
5.617000000000000000e+03
5.572000000000000000e+03
5.528000000000000000e+03
5.485000000000000000e+03
5.442000000000000000e+03
5.400000000000000000e+03
5.358000000000000000e+03
5.317000000000000000e+03
5.276000000000000000e+03
5.235000000000000000e+03
5.195000000000000000e+03
5.155000000000000000e+03
5.116000000000000000e+03
5.077000000000000000e+03
5.038000000000000000e+03
5.000000000000000000e+03
4.961000000000000000e+03
4.924000000000000000e+03
4.950000000000000000e+03
4.917000000000000000e+03
4.886000000000000000e+03
4.886000000000000000e+03
4.886000000000000000e+03
4.885000000000000000e+03
4.884000000000000000e+03
4.884000000000000000e+03
4.883000000000000000e+03
4.881000000000000000e+03
4.880000000000000000e+03
4.879000000000000000e+03
4.878000000000000000e+03
4.872000000000000000e+03
4.844000000000000000e+03
4.817000000000000000e+03
4.790000000000000000e+03
4.762000000000000000e+03
4.735000000000000000e+03
4.706000000000000000e+03
4.678000000000000000e+03
4.651000000000000000e+03
4.623000000000000000e+03
4.594000000000000000e+03
4.566000000000000000e+03
4.537000000000000000e+03
4.508000000000000000e+03
4.480000000000000000e+03
4.451000000000000000e+03
4.422000000000000000e+03
4.393000000000000000e+03
4.365000000000000000e+03
4.337000000000000000e+03
4.309000000000000000e+03
4.281000000000000000e+03
4.253000000000000000e+03
4.226000000000000000e+03
4.199000000000000000e+03
4.172000000000000000e+03
4.144000000000000000e+03
4.117000000000000000e+03
4.090000000000000000e+03
4.064000000000000000e+03
4.037000000000000000e+03
4.010000000000000000e+03
3.984000000000000000e+03
3.957000000000000000e+03
3.931000000000000000e+03
3.905000000000000000e+03
3.879000000000000000e+03
3.853000000000000000e+03
3.826000000000000000e+03
3.800000000000000000e+03
3.773000000000000000e+03
3.747000000000000000e+03
3.719000000000000000e+03
3.692000000000000000e+03
3.663000000000000000e+03
3.635000000000000000e+03
3.607000000000000000e+03
3.578000000000000000e+03
3.551000000000000000e+03
3.525000000000000000e+03
3.498000000000000000e+03
3.472000000000000000e+03
3.447000000000000000e+03
3.422000000000000000e+03
3.397000000000000000e+03
3.374000000000000000e+03
3.350000000000000000e+03
3.327000000000000000e+03
3.304000000000000000e+03
3.281000000000000000e+03
3.259000000000000000e+03
3.238000000000000000e+03
3.216000000000000000e+03
3.196000000000000000e+03
3.176000000000000000e+03
3.156000000000000000e+03
inf
1.821800000000000000e+04
1.356600000000000000e+04
1.223100000000000000e+04
1.144800000000000000e+04
1.089100000000000000e+04
1.045700000000000000e+04
1.010200000000000000e+04
9.800000000000000000e+03
9.538000000000000000e+03
9.307000000000000000e+03
9.099000000000000000e+03
8.910000000000000000e+03
8.737000000000000000e+03
8.577000000000000000e+03
8.429000000000000000e+03
8.291000000000000000e+03
8.161000000000000000e+03
8.038000000000000000e+03
7.922000000000000000e+03
7.812000000000000000e+03
7.707000000000000000e+03
7.607000000000000000e+03
7.512000000000000000e+03
7.420000000000000000e+03
7.332000000000000000e+03
7.247000000000000000e+03
7.165000000000000000e+03
7.086000000000000000e+03
7.009000000000000000e+03
6.935000000000000000e+03
6.863000000000000000e+03
6.793000000000000000e+03
6.725000000000000000e+03
6.659000000000000000e+03
6.595000000000000000e+03
6.532000000000000000e+03
6.471000000000000000e+03
6.411000000000000000e+03
6.352000000000000000e+03
6.295000000000000000e+03
6.239000000000000000e+03
6.184000000000000000e+03
6.130000000000000000e+03
6.078000000000000000e+03
6.026000000000000000e+03
5.975000000000000000e+03
5.925000000000000000e+03
5.876000000000000000e+03
5.827000000000000000e+03
5.779000000000000000e+03
5.733000000000000000e+03
5.686000000000000000e+03
5.641000000000000000e+03
5.596000000000000000e+03
5.551000000000000000e+03
5.508000000000000000e+03
5.464000000000000000e+03
5.422000000000000000e+03
5.379000000000000000e+03
5.338000000000000000e+03
5.296000000000000000e+03
5.256000000000000000e+03
5.215000000000000000e+03
5.175000000000000000e+03
5.136000000000000000e+03
5.096000000000000000e+03
5.057000000000000000e+03
5.019000000000000000e+03
4.980000000000000000e+03
4.942000000000000000e+03
4.905000000000000000e+03
4.867000000000000000e+03
4.895000000000000000e+03
4.861000000000000000e+03
4.833000000000000000e+03
4.833000000000000000e+03
4.832000000000000000e+03
4.832000000000000000e+03
4.831000000000000000e+03
4.830000000000000000e+03
4.829000000000000000e+03
4.828000000000000000e+03
4.827000000000000000e+03
4.826000000000000000e+03
4.824000000000000000e+03
4.822000000000000000e+03
4.795000000000000000e+03
4.767000000000000000e+03
4.739000000000000000e+03
4.712000000000000000e+03
4.684000000000000000e+03
4.656000000000000000e+03
4.629000000000000000e+03
4.601000000000000000e+03
4.573000000000000000e+03
4.545000000000000000e+03
4.516000000000000000e+03
4.488000000000000000e+03
4.459000000000000000e+03
4.431000000000000000e+03
4.402000000000000000e+03
4.374000000000000000e+03
4.345000000000000000e+03
4.317000000000000000e+03
4.289000000000000000e+03
4.261000000000000000e+03
4.234000000000000000e+03
4.206000000000000000e+03
4.179000000000000000e+03
4.152000000000000000e+03
4.125000000000000000e+03
4.098000000000000000e+03
4.071000000000000000e+03
4.045000000000000000e+03
4.018000000000000000e+03
3.992000000000000000e+03
3.965000000000000000e+03
3.939000000000000000e+03
3.913000000000000000e+03
3.887000000000000000e+03
3.861000000000000000e+03
3.835000000000000000e+03
3.808000000000000000e+03
3.782000000000000000e+03
3.755000000000000000e+03
3.729000000000000000e+03
3.702000000000000000e+03
3.676000000000000000e+03
3.648000000000000000e+03
3.619000000000000000e+03
3.590000000000000000e+03
3.562000000000000000e+03
3.535000000000000000e+03
3.508000000000000000e+03
3.481000000000000000e+03
3.456000000000000000e+03
3.430000000000000000e+03
3.405000000000000000e+03
3.381000000000000000e+03
3.356000000000000000e+03
3.332000000000000000e+03
3.309000000000000000e+03
3.286000000000000000e+03
3.264000000000000000e+03
3.242000000000000000e+03
3.220000000000000000e+03
3.199000000000000000e+03
3.178000000000000000e+03
3.158000000000000000e+03
3.138000000000000000e+03
inf
1.821000000000000000e+04
1.353200000000000000e+04
1.219900000000000000e+04
1.141700000000000000e+04
1.086100000000000000e+04
1.042800000000000000e+04
1.007300000000000000e+04
9.772000000000000000e+03
9.510000000000000000e+03
9.279000000000000000e+03
9.071000000000000000e+03
8.883000000000000000e+03
8.710000000000000000e+03
8.551000000000000000e+03
8.403000000000000000e+03
8.264000000000000000e+03
8.135000000000000000e+03
8.012000000000000000e+03
7.897000000000000000e+03
7.787000000000000000e+03
7.682000000000000000e+03
7.582000000000000000e+03
7.487000000000000000e+03
7.395000000000000000e+03
7.307000000000000000e+03
7.222000000000000000e+03
7.141000000000000000e+03
7.062000000000000000e+03
6.985000000000000000e+03
6.911000000000000000e+03
6.839000000000000000e+03
6.770000000000000000e+03
6.702000000000000000e+03
6.636000000000000000e+03
6.572000000000000000e+03
6.509000000000000000e+03
6.448000000000000000e+03
6.388000000000000000e+03
6.330000000000000000e+03
6.273000000000000000e+03
6.217000000000000000e+03
6.162000000000000000e+03
6.108000000000000000e+03
6.056000000000000000e+03
6.004000000000000000e+03
5.953000000000000000e+03
5.903000000000000000e+03
5.854000000000000000e+03
5.806000000000000000e+03
5.758000000000000000e+03
5.711000000000000000e+03
5.665000000000000000e+03
5.620000000000000000e+03
5.575000000000000000e+03
5.531000000000000000e+03
5.487000000000000000e+03
5.444000000000000000e+03
5.401000000000000000e+03
5.359000000000000000e+03
5.318000000000000000e+03
5.276000000000000000e+03
5.236000000000000000e+03
5.195000000000000000e+03
5.155000000000000000e+03
5.116000000000000000e+03
5.077000000000000000e+03
5.038000000000000000e+03
4.999000000000000000e+03
4.961000000000000000e+03
4.923000000000000000e+03
4.886000000000000000e+03
4.848000000000000000e+03
4.811000000000000000e+03
4.839000000000000000e+03
4.805000000000000000e+03
4.780000000000000000e+03
4.780000000000000000e+03
4.780000000000000000e+03
4.779000000000000000e+03
4.779000000000000000e+03
4.778000000000000000e+03
4.777000000000000000e+03
4.776000000000000000e+03
4.774000000000000000e+03
4.773000000000000000e+03
4.772000000000000000e+03
4.770000000000000000e+03
4.744000000000000000e+03
4.717000000000000000e+03
4.689000000000000000e+03
4.663000000000000000e+03
4.635000000000000000e+03
4.607000000000000000e+03
4.580000000000000000e+03
4.552000000000000000e+03
4.524000000000000000e+03
4.496000000000000000e+03
4.468000000000000000e+03
4.439000000000000000e+03
4.411000000000000000e+03
4.382000000000000000e+03
4.354000000000000000e+03
4.325000000000000000e+03
4.297000000000000000e+03
4.269000000000000000e+03
4.242000000000000000e+03
4.214000000000000000e+03
4.187000000000000000e+03
4.160000000000000000e+03
4.133000000000000000e+03
4.106000000000000000e+03
4.079000000000000000e+03
4.053000000000000000e+03
4.026000000000000000e+03
4.000000000000000000e+03
3.973000000000000000e+03
3.947000000000000000e+03
3.920000000000000000e+03
3.894000000000000000e+03
3.868000000000000000e+03
3.842000000000000000e+03
3.817000000000000000e+03
3.790000000000000000e+03
3.764000000000000000e+03
3.738000000000000000e+03
3.712000000000000000e+03
3.685000000000000000e+03
3.659000000000000000e+03
3.631000000000000000e+03
3.603000000000000000e+03
3.575000000000000000e+03
3.547000000000000000e+03
3.519000000000000000e+03
3.492000000000000000e+03
3.466000000000000000e+03
3.439000000000000000e+03
3.414000000000000000e+03
3.389000000000000000e+03
3.364000000000000000e+03
3.339000000000000000e+03
3.316000000000000000e+03
3.292000000000000000e+03
3.270000000000000000e+03
3.247000000000000000e+03
3.225000000000000000e+03
3.203000000000000000e+03
3.182000000000000000e+03
3.161000000000000000e+03
3.140000000000000000e+03
3.120000000000000000e+03
inf
1.820200000000000000e+04
1.349800000000000000e+04
1.216700000000000000e+04
1.138600000000000000e+04
1.083100000000000000e+04
1.039800000000000000e+04
1.004400000000000000e+04
9.743000000000000000e+03
9.482000000000000000e+03
9.251000000000000000e+03
9.044000000000000000e+03
8.856000000000000000e+03
8.683000000000000000e+03
8.524000000000000000e+03
8.376000000000000000e+03
8.238000000000000000e+03
8.109000000000000000e+03
7.987000000000000000e+03
7.871000000000000000e+03
7.762000000000000000e+03
7.657000000000000000e+03
7.557000000000000000e+03
7.462000000000000000e+03
7.371000000000000000e+03
7.283000000000000000e+03
7.198000000000000000e+03
7.116000000000000000e+03
7.038000000000000000e+03
6.961000000000000000e+03
6.887000000000000000e+03
6.816000000000000000e+03
6.746000000000000000e+03
6.679000000000000000e+03
6.613000000000000000e+03
6.549000000000000000e+03
6.486000000000000000e+03
6.425000000000000000e+03
6.365000000000000000e+03
6.307000000000000000e+03
6.250000000000000000e+03
6.194000000000000000e+03
6.140000000000000000e+03
6.086000000000000000e+03
6.034000000000000000e+03
5.982000000000000000e+03
5.931000000000000000e+03
5.881000000000000000e+03
5.832000000000000000e+03
5.784000000000000000e+03
5.737000000000000000e+03
5.690000000000000000e+03
5.644000000000000000e+03
5.599000000000000000e+03
5.554000000000000000e+03
5.510000000000000000e+03
5.466000000000000000e+03
5.423000000000000000e+03
5.381000000000000000e+03
5.339000000000000000e+03
5.297000000000000000e+03
5.256000000000000000e+03
5.216000000000000000e+03
5.176000000000000000e+03
5.136000000000000000e+03
5.096000000000000000e+03
5.057000000000000000e+03
5.019000000000000000e+03
4.980000000000000000e+03
4.942000000000000000e+03
4.904000000000000000e+03
4.867000000000000000e+03
4.830000000000000000e+03
4.793000000000000000e+03
4.756000000000000000e+03
4.784000000000000000e+03
4.750000000000000000e+03
4.728000000000000000e+03
4.728000000000000000e+03
4.728000000000000000e+03
4.727000000000000000e+03
4.726000000000000000e+03
4.725000000000000000e+03
4.724000000000000000e+03
4.723000000000000000e+03
4.722000000000000000e+03
4.721000000000000000e+03
4.719000000000000000e+03
4.718000000000000000e+03
4.695000000000000000e+03
4.667000000000000000e+03
4.640000000000000000e+03
4.613000000000000000e+03
4.585000000000000000e+03
4.558000000000000000e+03
4.531000000000000000e+03
4.503000000000000000e+03
4.475000000000000000e+03
4.447000000000000000e+03
4.419000000000000000e+03
4.391000000000000000e+03
4.362000000000000000e+03
4.334000000000000000e+03
4.306000000000000000e+03
4.278000000000000000e+03
4.250000000000000000e+03
4.222000000000000000e+03
4.195000000000000000e+03
4.167000000000000000e+03
4.140000000000000000e+03
4.113000000000000000e+03
4.087000000000000000e+03
4.060000000000000000e+03
4.033000000000000000e+03
4.007000000000000000e+03
3.980000000000000000e+03
3.955000000000000000e+03
3.928000000000000000e+03
3.902000000000000000e+03
3.876000000000000000e+03
3.850000000000000000e+03
3.824000000000000000e+03
3.799000000000000000e+03
3.772000000000000000e+03
3.746000000000000000e+03
3.721000000000000000e+03
3.694000000000000000e+03
3.668000000000000000e+03
3.642000000000000000e+03
3.615000000000000000e+03
3.588000000000000000e+03
3.559000000000000000e+03
3.531000000000000000e+03
3.503000000000000000e+03
3.476000000000000000e+03
3.449000000000000000e+03
3.423000000000000000e+03
3.398000000000000000e+03
3.372000000000000000e+03
3.347000000000000000e+03
3.323000000000000000e+03
3.299000000000000000e+03
3.276000000000000000e+03
3.253000000000000000e+03
3.230000000000000000e+03
3.208000000000000000e+03
3.186000000000000000e+03
3.164000000000000000e+03
3.144000000000000000e+03
3.122000000000000000e+03
3.102000000000000000e+03
inf
1.819400000000000000e+04
1.346400000000000000e+04
1.213500000000000000e+04
1.135600000000000000e+04
1.080100000000000000e+04
1.036900000000000000e+04
1.001500000000000000e+04
9.715000000000000000e+03
9.454000000000000000e+03
9.224000000000000000e+03
9.017000000000000000e+03
8.829000000000000000e+03
8.657000000000000000e+03
8.498000000000000000e+03
8.350000000000000000e+03
8.212000000000000000e+03
8.083000000000000000e+03
7.961000000000000000e+03
7.846000000000000000e+03
7.736000000000000000e+03
7.632000000000000000e+03
7.533000000000000000e+03
7.437000000000000000e+03
7.346000000000000000e+03
7.258000000000000000e+03
7.174000000000000000e+03
7.092000000000000000e+03
7.014000000000000000e+03
6.938000000000000000e+03
6.864000000000000000e+03
6.792000000000000000e+03
6.723000000000000000e+03
6.655000000000000000e+03
6.590000000000000000e+03
6.526000000000000000e+03
6.463000000000000000e+03
6.402000000000000000e+03
6.343000000000000000e+03
6.285000000000000000e+03
6.228000000000000000e+03
6.172000000000000000e+03
6.118000000000000000e+03
6.064000000000000000e+03
6.012000000000000000e+03
5.960000000000000000e+03
5.910000000000000000e+03
5.860000000000000000e+03
5.811000000000000000e+03
5.763000000000000000e+03
5.716000000000000000e+03
5.669000000000000000e+03
5.623000000000000000e+03
5.578000000000000000e+03
5.533000000000000000e+03
5.489000000000000000e+03
5.446000000000000000e+03
5.403000000000000000e+03
5.361000000000000000e+03
5.319000000000000000e+03
5.277000000000000000e+03
5.236000000000000000e+03
5.196000000000000000e+03
5.156000000000000000e+03
5.116000000000000000e+03
5.077000000000000000e+03
5.038000000000000000e+03
4.999000000000000000e+03
4.961000000000000000e+03
4.923000000000000000e+03
4.885000000000000000e+03
4.848000000000000000e+03
4.811000000000000000e+03
4.774000000000000000e+03
4.738000000000000000e+03
4.701000000000000000e+03
4.729000000000000000e+03
4.695000000000000000e+03
4.677000000000000000e+03
4.676000000000000000e+03
4.676000000000000000e+03
4.675000000000000000e+03
4.675000000000000000e+03
4.674000000000000000e+03
4.673000000000000000e+03
4.672000000000000000e+03
4.670000000000000000e+03
4.669000000000000000e+03
4.668000000000000000e+03
4.666000000000000000e+03
4.645000000000000000e+03
4.618000000000000000e+03
4.591000000000000000e+03
4.564000000000000000e+03
4.536000000000000000e+03
4.510000000000000000e+03
4.482000000000000000e+03
4.455000000000000000e+03
4.427000000000000000e+03
4.399000000000000000e+03
4.371000000000000000e+03
4.343000000000000000e+03
4.315000000000000000e+03
4.286000000000000000e+03
4.258000000000000000e+03
4.231000000000000000e+03
4.203000000000000000e+03
4.175000000000000000e+03
4.149000000000000000e+03
4.122000000000000000e+03
4.095000000000000000e+03
4.068000000000000000e+03
4.041000000000000000e+03
4.015000000000000000e+03
3.988000000000000000e+03
3.962000000000000000e+03
3.936000000000000000e+03
3.910000000000000000e+03
3.884000000000000000e+03
3.858000000000000000e+03
3.832000000000000000e+03
3.806000000000000000e+03
3.781000000000000000e+03
3.755000000000000000e+03
3.729000000000000000e+03
3.703000000000000000e+03
3.677000000000000000e+03
3.651000000000000000e+03
3.625000000000000000e+03
3.599000000000000000e+03
3.571000000000000000e+03
3.543000000000000000e+03
3.515000000000000000e+03
3.488000000000000000e+03
3.460000000000000000e+03
3.433000000000000000e+03
3.407000000000000000e+03
3.382000000000000000e+03
3.356000000000000000e+03
3.331000000000000000e+03
3.307000000000000000e+03
3.283000000000000000e+03
3.260000000000000000e+03
3.236000000000000000e+03
3.213000000000000000e+03
3.191000000000000000e+03
3.169000000000000000e+03
3.147000000000000000e+03
3.127000000000000000e+03
3.105000000000000000e+03
3.085000000000000000e+03
inf
1.818600000000000000e+04
1.343100000000000000e+04
1.210400000000000000e+04
1.132500000000000000e+04
1.077100000000000000e+04
1.034000000000000000e+04
9.986000000000000000e+03
9.687000000000000000e+03
9.426000000000000000e+03
9.196000000000000000e+03
8.989000000000000000e+03
8.802000000000000000e+03
8.630000000000000000e+03
8.471000000000000000e+03
8.324000000000000000e+03
8.186000000000000000e+03
8.057000000000000000e+03
7.936000000000000000e+03
7.820000000000000000e+03
7.711000000000000000e+03
7.607000000000000000e+03
7.508000000000000000e+03
7.413000000000000000e+03
7.322000000000000000e+03
7.234000000000000000e+03
7.150000000000000000e+03
7.068000000000000000e+03
6.990000000000000000e+03
6.914000000000000000e+03
6.840000000000000000e+03
6.769000000000000000e+03
6.699000000000000000e+03
6.632000000000000000e+03
6.567000000000000000e+03
6.503000000000000000e+03
6.440000000000000000e+03
6.380000000000000000e+03
6.320000000000000000e+03
6.262000000000000000e+03
6.205000000000000000e+03
6.150000000000000000e+03
6.095000000000000000e+03
6.042000000000000000e+03
5.990000000000000000e+03
5.938000000000000000e+03
5.888000000000000000e+03
5.838000000000000000e+03
5.790000000000000000e+03
5.742000000000000000e+03
5.694000000000000000e+03
5.648000000000000000e+03
5.602000000000000000e+03
5.557000000000000000e+03
5.513000000000000000e+03
5.469000000000000000e+03
5.425000000000000000e+03
5.383000000000000000e+03
5.340000000000000000e+03
5.299000000000000000e+03
5.257000000000000000e+03
5.216000000000000000e+03
5.176000000000000000e+03
5.136000000000000000e+03
5.097000000000000000e+03
5.057000000000000000e+03
5.019000000000000000e+03
4.980000000000000000e+03
4.942000000000000000e+03
4.904000000000000000e+03
4.867000000000000000e+03
4.829000000000000000e+03
4.792000000000000000e+03
4.756000000000000000e+03
4.719000000000000000e+03
4.683000000000000000e+03
4.647000000000000000e+03
4.675000000000000000e+03
4.642000000000000000e+03
4.625000000000000000e+03
4.625000000000000000e+03
4.625000000000000000e+03
4.624000000000000000e+03
4.624000000000000000e+03
4.623000000000000000e+03
4.622000000000000000e+03
4.620000000000000000e+03
4.619000000000000000e+03
4.618000000000000000e+03
4.616000000000000000e+03
4.615000000000000000e+03
4.596000000000000000e+03
4.569000000000000000e+03
4.543000000000000000e+03
4.515000000000000000e+03
4.488000000000000000e+03
4.461000000000000000e+03
4.434000000000000000e+03
4.407000000000000000e+03
4.379000000000000000e+03
4.351000000000000000e+03
4.323000000000000000e+03
4.295000000000000000e+03
4.267000000000000000e+03
4.239000000000000000e+03
4.211000000000000000e+03
4.183000000000000000e+03
4.157000000000000000e+03
4.129000000000000000e+03
4.102000000000000000e+03
4.075000000000000000e+03
4.049000000000000000e+03
4.023000000000000000e+03
3.995000000000000000e+03
3.970000000000000000e+03
3.943000000000000000e+03
3.917000000000000000e+03
3.891000000000000000e+03
3.865000000000000000e+03
3.840000000000000000e+03
3.814000000000000000e+03
3.789000000000000000e+03
3.763000000000000000e+03
3.737000000000000000e+03
3.711000000000000000e+03
3.686000000000000000e+03
3.660000000000000000e+03
3.634000000000000000e+03
3.608000000000000000e+03
3.582000000000000000e+03
3.555000000000000000e+03
3.528000000000000000e+03
3.500000000000000000e+03
3.472000000000000000e+03
3.445000000000000000e+03
3.418000000000000000e+03
3.392000000000000000e+03
3.366000000000000000e+03
3.340000000000000000e+03
3.315000000000000000e+03
3.291000000000000000e+03
3.266000000000000000e+03
3.243000000000000000e+03
3.219000000000000000e+03
3.197000000000000000e+03
3.174000000000000000e+03
3.153000000000000000e+03
3.130000000000000000e+03
3.109000000000000000e+03
3.088000000000000000e+03
3.068000000000000000e+03
inf
1.817800000000000000e+04
1.339700000000000000e+04
1.207200000000000000e+04
1.129400000000000000e+04
1.074100000000000000e+04
1.031000000000000000e+04
9.958000000000000000e+03
9.659000000000000000e+03
9.399000000000000000e+03
9.169000000000000000e+03
8.962000000000000000e+03
8.775000000000000000e+03
8.603000000000000000e+03
8.445000000000000000e+03
8.298000000000000000e+03
8.160000000000000000e+03
8.032000000000000000e+03
7.910000000000000000e+03
7.795000000000000000e+03
7.686000000000000000e+03
7.582000000000000000e+03
7.483000000000000000e+03
7.388000000000000000e+03
7.297000000000000000e+03
7.210000000000000000e+03
7.125000000000000000e+03
7.044000000000000000e+03
6.966000000000000000e+03
6.890000000000000000e+03
6.817000000000000000e+03
6.745000000000000000e+03
6.676000000000000000e+03
6.609000000000000000e+03
6.543000000000000000e+03
6.480000000000000000e+03
6.418000000000000000e+03
6.357000000000000000e+03
6.298000000000000000e+03
6.240000000000000000e+03
6.183000000000000000e+03
6.128000000000000000e+03
6.073000000000000000e+03
6.020000000000000000e+03
5.968000000000000000e+03
5.917000000000000000e+03
5.866000000000000000e+03
5.817000000000000000e+03
5.768000000000000000e+03
5.720000000000000000e+03
5.673000000000000000e+03
5.627000000000000000e+03
5.581000000000000000e+03
5.536000000000000000e+03
5.492000000000000000e+03
5.448000000000000000e+03
5.405000000000000000e+03
5.362000000000000000e+03
5.320000000000000000e+03
5.278000000000000000e+03
5.237000000000000000e+03
5.197000000000000000e+03
5.156000000000000000e+03
5.117000000000000000e+03
5.077000000000000000e+03
5.038000000000000000e+03
4.999000000000000000e+03
4.961000000000000000e+03
4.923000000000000000e+03
4.885000000000000000e+03
4.848000000000000000e+03
4.811000000000000000e+03
4.774000000000000000e+03
4.737000000000000000e+03
4.701000000000000000e+03
4.665000000000000000e+03
4.629000000000000000e+03
4.593000000000000000e+03
4.621000000000000000e+03
4.589000000000000000e+03
4.575000000000000000e+03
4.575000000000000000e+03
4.574000000000000000e+03
4.574000000000000000e+03
4.573000000000000000e+03
4.572000000000000000e+03
4.571000000000000000e+03
4.570000000000000000e+03
4.569000000000000000e+03
4.567000000000000000e+03
4.566000000000000000e+03
4.564000000000000000e+03
4.547000000000000000e+03
4.520000000000000000e+03
4.494000000000000000e+03
4.467000000000000000e+03
4.440000000000000000e+03
4.413000000000000000e+03
4.385000000000000000e+03
4.358000000000000000e+03
4.331000000000000000e+03
4.303000000000000000e+03
4.275000000000000000e+03
4.247000000000000000e+03
4.219000000000000000e+03
4.192000000000000000e+03
4.164000000000000000e+03
4.138000000000000000e+03
4.110000000000000000e+03
4.083000000000000000e+03
4.056000000000000000e+03
4.030000000000000000e+03
4.003000000000000000e+03
3.977000000000000000e+03
3.951000000000000000e+03
3.925000000000000000e+03
3.899000000000000000e+03
3.873000000000000000e+03
3.847000000000000000e+03
3.821000000000000000e+03
3.796000000000000000e+03
3.770000000000000000e+03
3.744000000000000000e+03
3.719000000000000000e+03
3.694000000000000000e+03
3.668000000000000000e+03
3.642000000000000000e+03
3.617000000000000000e+03
3.591000000000000000e+03
3.565000000000000000e+03
3.539000000000000000e+03
3.513000000000000000e+03
3.485000000000000000e+03
3.457000000000000000e+03
3.429000000000000000e+03
3.403000000000000000e+03
3.376000000000000000e+03
3.350000000000000000e+03
3.324000000000000000e+03
3.299000000000000000e+03
3.274000000000000000e+03
3.251000000000000000e+03
3.227000000000000000e+03
3.203000000000000000e+03
3.180000000000000000e+03
3.157000000000000000e+03
3.136000000000000000e+03
3.114000000000000000e+03
3.093000000000000000e+03
3.071000000000000000e+03
3.051000000000000000e+03
inf
1.817000000000000000e+04
1.336300000000000000e+04
1.204000000000000000e+04
1.126300000000000000e+04
1.071100000000000000e+04
1.028100000000000000e+04
9.929000000000000000e+03
9.630000000000000000e+03
9.371000000000000000e+03
9.141000000000000000e+03
8.935000000000000000e+03
8.748000000000000000e+03
8.577000000000000000e+03
8.419000000000000000e+03
8.272000000000000000e+03
8.135000000000000000e+03
8.006000000000000000e+03
7.885000000000000000e+03
7.770000000000000000e+03
7.661000000000000000e+03
7.557000000000000000e+03
7.458000000000000000e+03
7.363000000000000000e+03
7.273000000000000000e+03
7.185000000000000000e+03
7.101000000000000000e+03
7.020000000000000000e+03
6.942000000000000000e+03
6.866000000000000000e+03
6.793000000000000000e+03
6.722000000000000000e+03
6.653000000000000000e+03
6.586000000000000000e+03
6.520000000000000000e+03
6.457000000000000000e+03
6.395000000000000000e+03
6.334000000000000000e+03
6.275000000000000000e+03
6.217000000000000000e+03
6.161000000000000000e+03
6.106000000000000000e+03
6.051000000000000000e+03
5.998000000000000000e+03
5.946000000000000000e+03
5.895000000000000000e+03
5.845000000000000000e+03
5.795000000000000000e+03
5.747000000000000000e+03
5.699000000000000000e+03
5.652000000000000000e+03
5.606000000000000000e+03
5.560000000000000000e+03
5.516000000000000000e+03
5.471000000000000000e+03
5.428000000000000000e+03
5.385000000000000000e+03
5.342000000000000000e+03
5.300000000000000000e+03
5.258000000000000000e+03
5.217000000000000000e+03
5.177000000000000000e+03
5.137000000000000000e+03
5.097000000000000000e+03
5.058000000000000000e+03
5.019000000000000000e+03
4.980000000000000000e+03
4.942000000000000000e+03
4.904000000000000000e+03
4.866000000000000000e+03
4.829000000000000000e+03
4.792000000000000000e+03
4.756000000000000000e+03
4.719000000000000000e+03
4.683000000000000000e+03
4.647000000000000000e+03
4.611000000000000000e+03
4.576000000000000000e+03
4.540000000000000000e+03
4.568000000000000000e+03
4.536000000000000000e+03
4.525000000000000000e+03
4.524000000000000000e+03
4.524000000000000000e+03
4.524000000000000000e+03
4.523000000000000000e+03
4.522000000000000000e+03
4.521000000000000000e+03
4.520000000000000000e+03
4.518000000000000000e+03
4.517000000000000000e+03
4.515000000000000000e+03
4.514000000000000000e+03
4.499000000000000000e+03
4.472000000000000000e+03
4.446000000000000000e+03
4.419000000000000000e+03
4.392000000000000000e+03
4.365000000000000000e+03
4.338000000000000000e+03
4.311000000000000000e+03
4.283000000000000000e+03
4.256000000000000000e+03
4.228000000000000000e+03
4.200000000000000000e+03
4.173000000000000000e+03
4.145000000000000000e+03
4.118000000000000000e+03
4.091000000000000000e+03
4.064000000000000000e+03
4.037000000000000000e+03
4.011000000000000000e+03
3.984000000000000000e+03
3.958000000000000000e+03
3.933000000000000000e+03
3.906000000000000000e+03
3.881000000000000000e+03
3.854000000000000000e+03
3.829000000000000000e+03
3.804000000000000000e+03
3.778000000000000000e+03
3.752000000000000000e+03
3.727000000000000000e+03
3.702000000000000000e+03
3.676000000000000000e+03
3.651000000000000000e+03
3.625000000000000000e+03
3.600000000000000000e+03
3.574000000000000000e+03
3.549000000000000000e+03
3.522000000000000000e+03
3.497000000000000000e+03
3.470000000000000000e+03
3.441000000000000000e+03
3.414000000000000000e+03
3.387000000000000000e+03
3.360000000000000000e+03
3.334000000000000000e+03
3.309000000000000000e+03
3.284000000000000000e+03
3.259000000000000000e+03
3.235000000000000000e+03
3.211000000000000000e+03
3.187000000000000000e+03
3.164000000000000000e+03
3.141000000000000000e+03
3.119000000000000000e+03
3.097000000000000000e+03
3.076000000000000000e+03
3.055000000000000000e+03
3.034000000000000000e+03
inf
1.816300000000000000e+04
1.333300000000000000e+04
1.201200000000000000e+04
1.123600000000000000e+04
1.068500000000000000e+04
1.025600000000000000e+04
9.904000000000000000e+03
9.605000000000000000e+03
9.346000000000000000e+03
9.117000000000000000e+03
8.911000000000000000e+03
8.724000000000000000e+03
8.553000000000000000e+03
8.395000000000000000e+03
8.249000000000000000e+03
8.112000000000000000e+03
7.983000000000000000e+03
7.862000000000000000e+03
7.748000000000000000e+03
7.639000000000000000e+03
7.535000000000000000e+03
7.437000000000000000e+03
7.342000000000000000e+03
7.251000000000000000e+03
7.164000000000000000e+03
7.080000000000000000e+03
6.999000000000000000e+03
6.921000000000000000e+03
6.846000000000000000e+03
6.772000000000000000e+03
6.702000000000000000e+03
6.633000000000000000e+03
6.566000000000000000e+03
6.500000000000000000e+03
6.437000000000000000e+03
6.375000000000000000e+03
6.315000000000000000e+03
6.256000000000000000e+03
6.198000000000000000e+03
6.142000000000000000e+03
6.086000000000000000e+03
6.032000000000000000e+03
5.979000000000000000e+03
5.927000000000000000e+03
5.876000000000000000e+03
5.826000000000000000e+03
5.777000000000000000e+03
5.728000000000000000e+03
5.681000000000000000e+03
5.634000000000000000e+03
5.588000000000000000e+03
5.542000000000000000e+03
5.498000000000000000e+03
5.453000000000000000e+03
5.410000000000000000e+03
5.367000000000000000e+03
5.324000000000000000e+03
5.282000000000000000e+03
5.241000000000000000e+03
5.200000000000000000e+03
5.160000000000000000e+03
5.120000000000000000e+03
5.080000000000000000e+03
5.041000000000000000e+03
5.002000000000000000e+03
4.963000000000000000e+03
4.925000000000000000e+03
4.888000000000000000e+03
4.850000000000000000e+03
4.813000000000000000e+03
4.776000000000000000e+03
4.739000000000000000e+03
4.703000000000000000e+03
4.667000000000000000e+03
4.631000000000000000e+03
4.596000000000000000e+03
4.560000000000000000e+03
4.525000000000000000e+03
4.490000000000000000e+03
4.518000000000000000e+03
4.486000000000000000e+03
4.477000000000000000e+03
4.477000000000000000e+03
4.477000000000000000e+03
4.476000000000000000e+03
4.476000000000000000e+03
4.475000000000000000e+03
4.474000000000000000e+03
4.472000000000000000e+03
4.471000000000000000e+03
4.470000000000000000e+03
4.468000000000000000e+03
4.467000000000000000e+03
4.454000000000000000e+03
4.427000000000000000e+03
4.400000000000000000e+03
4.374000000000000000e+03
4.347000000000000000e+03
4.321000000000000000e+03
4.294000000000000000e+03
4.266000000000000000e+03
4.239000000000000000e+03
4.211000000000000000e+03
4.183000000000000000e+03
4.156000000000000000e+03
4.129000000000000000e+03
4.101000000000000000e+03
4.075000000000000000e+03
4.048000000000000000e+03
4.021000000000000000e+03
3.994000000000000000e+03
3.968000000000000000e+03
3.942000000000000000e+03
3.916000000000000000e+03
3.890000000000000000e+03
3.865000000000000000e+03
3.839000000000000000e+03
3.813000000000000000e+03
3.788000000000000000e+03
3.762000000000000000e+03
3.737000000000000000e+03
3.711000000000000000e+03
3.686000000000000000e+03
3.661000000000000000e+03
3.636000000000000000e+03
3.611000000000000000e+03
3.585000000000000000e+03
3.560000000000000000e+03
3.534000000000000000e+03
3.508000000000000000e+03
3.482000000000000000e+03
3.456000000000000000e+03
3.429000000000000000e+03
3.401000000000000000e+03
3.374000000000000000e+03
3.347000000000000000e+03
3.321000000000000000e+03
3.295000000000000000e+03
3.270000000000000000e+03
3.245000000000000000e+03
3.220000000000000000e+03
3.197000000000000000e+03
3.173000000000000000e+03
3.150000000000000000e+03
3.127000000000000000e+03
3.105000000000000000e+03
3.083000000000000000e+03
3.061000000000000000e+03
3.040000000000000000e+03
3.020000000000000000e+03
inf
1.815500000000000000e+04
1.329900000000000000e+04
1.198000000000000000e+04
1.120600000000000000e+04
1.065500000000000000e+04
1.022600000000000000e+04
9.875000000000000000e+03
9.577000000000000000e+03
9.318000000000000000e+03
9.089000000000000000e+03
8.884000000000000000e+03
8.697000000000000000e+03
8.527000000000000000e+03
8.369000000000000000e+03
8.223000000000000000e+03
8.086000000000000000e+03
7.958000000000000000e+03
7.837000000000000000e+03
7.722000000000000000e+03
7.614000000000000000e+03
7.510000000000000000e+03
7.412000000000000000e+03
7.317000000000000000e+03
7.227000000000000000e+03
7.140000000000000000e+03
7.056000000000000000e+03
6.975000000000000000e+03
6.898000000000000000e+03
6.822000000000000000e+03
6.749000000000000000e+03
6.678000000000000000e+03
6.609000000000000000e+03
6.543000000000000000e+03
6.478000000000000000e+03
6.414000000000000000e+03
6.352000000000000000e+03
6.292000000000000000e+03
6.233000000000000000e+03
6.176000000000000000e+03
6.119000000000000000e+03
6.064000000000000000e+03
6.010000000000000000e+03
5.957000000000000000e+03
5.906000000000000000e+03
5.855000000000000000e+03
5.805000000000000000e+03
5.755000000000000000e+03
5.707000000000000000e+03
5.660000000000000000e+03
5.613000000000000000e+03
5.567000000000000000e+03
5.522000000000000000e+03
5.477000000000000000e+03
5.433000000000000000e+03
5.389000000000000000e+03
5.347000000000000000e+03
5.304000000000000000e+03
5.262000000000000000e+03
5.221000000000000000e+03
5.180000000000000000e+03
5.140000000000000000e+03
5.100000000000000000e+03
5.060000000000000000e+03
5.021000000000000000e+03
4.983000000000000000e+03
4.944000000000000000e+03
4.906000000000000000e+03
4.869000000000000000e+03
4.831000000000000000e+03
4.794000000000000000e+03
4.758000000000000000e+03
4.721000000000000000e+03
4.685000000000000000e+03
4.649000000000000000e+03
4.613000000000000000e+03
4.578000000000000000e+03
4.542000000000000000e+03
4.507000000000000000e+03
4.472000000000000000e+03
4.438000000000000000e+03
4.465000000000000000e+03
4.433000000000000000e+03
4.428000000000000000e+03
4.428000000000000000e+03
4.428000000000000000e+03
4.427000000000000000e+03
4.426000000000000000e+03
4.425000000000000000e+03
4.424000000000000000e+03
4.423000000000000000e+03
4.422000000000000000e+03
4.420000000000000000e+03
4.419000000000000000e+03
4.417000000000000000e+03
4.406000000000000000e+03
4.380000000000000000e+03
4.353000000000000000e+03
4.327000000000000000e+03
4.300000000000000000e+03
4.273000000000000000e+03
4.246000000000000000e+03
4.219000000000000000e+03
4.192000000000000000e+03
4.164000000000000000e+03
4.137000000000000000e+03
4.110000000000000000e+03
4.082000000000000000e+03
4.056000000000000000e+03
4.029000000000000000e+03
4.002000000000000000e+03
3.976000000000000000e+03
3.950000000000000000e+03
3.924000000000000000e+03
3.898000000000000000e+03
3.872000000000000000e+03
3.846000000000000000e+03
3.821000000000000000e+03
3.795000000000000000e+03
3.770000000000000000e+03
3.745000000000000000e+03
3.719000000000000000e+03
3.694000000000000000e+03
3.669000000000000000e+03
3.644000000000000000e+03
3.619000000000000000e+03
3.594000000000000000e+03
3.568000000000000000e+03
3.543000000000000000e+03
3.518000000000000000e+03
3.492000000000000000e+03
3.466000000000000000e+03
3.441000000000000000e+03
3.414000000000000000e+03
3.386000000000000000e+03
3.359000000000000000e+03
3.332000000000000000e+03
3.306000000000000000e+03
3.280000000000000000e+03
3.255000000000000000e+03
3.230000000000000000e+03
3.205000000000000000e+03
3.181000000000000000e+03
3.157000000000000000e+03
3.134000000000000000e+03
3.111000000000000000e+03
3.089000000000000000e+03
3.067000000000000000e+03
3.045000000000000000e+03
3.024000000000000000e+03
3.003000000000000000e+03
inf
1.814800000000000000e+04
1.327000000000000000e+04
1.195200000000000000e+04
1.117900000000000000e+04
1.062900000000000000e+04
1.020100000000000000e+04
9.850000000000000000e+03
9.552000000000000000e+03
9.294000000000000000e+03
9.065000000000000000e+03
8.860000000000000000e+03
8.674000000000000000e+03
8.503000000000000000e+03
8.346000000000000000e+03
8.200000000000000000e+03
8.063000000000000000e+03
7.935000000000000000e+03
7.815000000000000000e+03
7.700000000000000000e+03
7.592000000000000000e+03
7.489000000000000000e+03
7.390000000000000000e+03
7.296000000000000000e+03
7.206000000000000000e+03
7.119000000000000000e+03
7.035000000000000000e+03
6.955000000000000000e+03
6.877000000000000000e+03
6.801000000000000000e+03
6.729000000000000000e+03
6.658000000000000000e+03
6.589000000000000000e+03
6.522000000000000000e+03
6.458000000000000000e+03
6.394000000000000000e+03
6.333000000000000000e+03
6.272000000000000000e+03
6.214000000000000000e+03
6.156000000000000000e+03
6.100000000000000000e+03
6.045000000000000000e+03
5.991000000000000000e+03
5.938000000000000000e+03
5.887000000000000000e+03
5.836000000000000000e+03
5.786000000000000000e+03
5.737000000000000000e+03
5.689000000000000000e+03
5.641000000000000000e+03
5.595000000000000000e+03
5.549000000000000000e+03
5.503000000000000000e+03
5.459000000000000000e+03
5.415000000000000000e+03
5.372000000000000000e+03
5.329000000000000000e+03
5.287000000000000000e+03
5.245000000000000000e+03
5.204000000000000000e+03
5.163000000000000000e+03
5.123000000000000000e+03
5.083000000000000000e+03
5.044000000000000000e+03
5.005000000000000000e+03
4.966000000000000000e+03
4.928000000000000000e+03
4.890000000000000000e+03
4.852000000000000000e+03
4.815000000000000000e+03
4.778000000000000000e+03
4.741000000000000000e+03
4.705000000000000000e+03
4.669000000000000000e+03
4.633000000000000000e+03
4.598000000000000000e+03
4.562000000000000000e+03
4.527000000000000000e+03
4.492000000000000000e+03
4.457000000000000000e+03
4.423000000000000000e+03
4.388000000000000000e+03
4.416000000000000000e+03
4.384000000000000000e+03
4.382000000000000000e+03
4.382000000000000000e+03
4.381000000000000000e+03
4.381000000000000000e+03
4.380000000000000000e+03
4.379000000000000000e+03
4.378000000000000000e+03
4.377000000000000000e+03
4.375000000000000000e+03
4.374000000000000000e+03
4.372000000000000000e+03
4.371000000000000000e+03
4.361000000000000000e+03
4.335000000000000000e+03
4.308000000000000000e+03
4.282000000000000000e+03
4.256000000000000000e+03
4.229000000000000000e+03
4.202000000000000000e+03
4.175000000000000000e+03
4.148000000000000000e+03
4.120000000000000000e+03
4.093000000000000000e+03
4.066000000000000000e+03
4.039000000000000000e+03
4.013000000000000000e+03
3.986000000000000000e+03
3.960000000000000000e+03
3.934000000000000000e+03
3.908000000000000000e+03
3.882000000000000000e+03
3.856000000000000000e+03
3.830000000000000000e+03
3.805000000000000000e+03
3.779000000000000000e+03
3.754000000000000000e+03
3.729000000000000000e+03
3.703000000000000000e+03
3.678000000000000000e+03
3.653000000000000000e+03
3.628000000000000000e+03
3.603000000000000000e+03
3.578000000000000000e+03
3.554000000000000000e+03
3.528000000000000000e+03
3.503000000000000000e+03
3.478000000000000000e+03
3.452000000000000000e+03
3.426000000000000000e+03
3.401000000000000000e+03
3.373000000000000000e+03
3.346000000000000000e+03
3.319000000000000000e+03
3.293000000000000000e+03
3.267000000000000000e+03
3.241000000000000000e+03
3.217000000000000000e+03
3.192000000000000000e+03
3.167000000000000000e+03
3.144000000000000000e+03
3.120000000000000000e+03
3.098000000000000000e+03
3.075000000000000000e+03
3.053000000000000000e+03
3.031000000000000000e+03
3.010000000000000000e+03
2.989000000000000000e+03
inf
1.814000000000000000e+04
1.323600000000000000e+04
1.192000000000000000e+04
1.114800000000000000e+04
1.059900000000000000e+04
1.017100000000000000e+04
9.821000000000000000e+03
9.524000000000000000e+03
9.266000000000000000e+03
9.038000000000000000e+03
8.833000000000000000e+03
8.647000000000000000e+03
8.477000000000000000e+03
8.320000000000000000e+03
8.174000000000000000e+03
8.038000000000000000e+03
7.910000000000000000e+03
7.789000000000000000e+03
7.675000000000000000e+03
7.567000000000000000e+03
7.464000000000000000e+03
7.366000000000000000e+03
7.272000000000000000e+03
7.181000000000000000e+03
7.095000000000000000e+03
7.011000000000000000e+03
6.931000000000000000e+03
6.853000000000000000e+03
6.778000000000000000e+03
6.705000000000000000e+03
6.635000000000000000e+03
6.566000000000000000e+03
6.499000000000000000e+03
6.435000000000000000e+03
6.372000000000000000e+03
6.310000000000000000e+03
6.250000000000000000e+03
6.191000000000000000e+03
6.134000000000000000e+03
6.078000000000000000e+03
6.023000000000000000e+03
5.969000000000000000e+03
5.917000000000000000e+03
5.865000000000000000e+03
5.814000000000000000e+03
5.765000000000000000e+03
5.716000000000000000e+03
5.668000000000000000e+03
5.620000000000000000e+03
5.574000000000000000e+03
5.528000000000000000e+03
5.483000000000000000e+03
5.438000000000000000e+03
5.395000000000000000e+03
5.351000000000000000e+03
5.309000000000000000e+03
5.267000000000000000e+03
5.225000000000000000e+03
5.184000000000000000e+03
5.143000000000000000e+03
5.103000000000000000e+03
5.063000000000000000e+03
5.024000000000000000e+03
4.985000000000000000e+03
4.947000000000000000e+03
4.909000000000000000e+03
4.871000000000000000e+03
4.834000000000000000e+03
4.796000000000000000e+03
4.760000000000000000e+03
4.723000000000000000e+03
4.687000000000000000e+03
4.651000000000000000e+03
4.615000000000000000e+03
4.580000000000000000e+03
4.545000000000000000e+03
4.509000000000000000e+03
4.475000000000000000e+03
4.440000000000000000e+03
4.406000000000000000e+03
4.371000000000000000e+03
4.337000000000000000e+03
4.365000000000000000e+03
4.361000000000000000e+03
4.334000000000000000e+03
4.334000000000000000e+03
4.333000000000000000e+03
4.333000000000000000e+03
4.332000000000000000e+03
4.331000000000000000e+03
4.330000000000000000e+03
4.328000000000000000e+03
4.327000000000000000e+03
4.326000000000000000e+03
4.324000000000000000e+03
4.322000000000000000e+03
4.315000000000000000e+03
4.288000000000000000e+03
4.262000000000000000e+03
4.235000000000000000e+03
4.209000000000000000e+03
4.182000000000000000e+03
4.155000000000000000e+03
4.128000000000000000e+03
4.101000000000000000e+03
4.074000000000000000e+03
4.047000000000000000e+03
4.021000000000000000e+03
3.994000000000000000e+03
3.968000000000000000e+03
3.941000000000000000e+03
3.915000000000000000e+03
3.889000000000000000e+03
3.864000000000000000e+03
3.838000000000000000e+03
3.812000000000000000e+03
3.787000000000000000e+03
3.762000000000000000e+03
3.736000000000000000e+03
3.711000000000000000e+03
3.686000000000000000e+03
3.661000000000000000e+03
3.636000000000000000e+03
3.611000000000000000e+03
3.587000000000000000e+03
3.562000000000000000e+03
3.536000000000000000e+03
3.511000000000000000e+03
3.487000000000000000e+03
3.461000000000000000e+03
3.437000000000000000e+03
3.411000000000000000e+03
3.385000000000000000e+03
3.359000000000000000e+03
3.331000000000000000e+03
3.304000000000000000e+03
3.278000000000000000e+03
3.252000000000000000e+03
3.226000000000000000e+03
3.201000000000000000e+03
3.176000000000000000e+03
3.152000000000000000e+03
3.129000000000000000e+03
3.105000000000000000e+03
3.082000000000000000e+03
3.059000000000000000e+03
3.037000000000000000e+03
3.015000000000000000e+03
2.993000000000000000e+03
2.973000000000000000e+03
inf
1.813300000000000000e+04
1.320600000000000000e+04
1.189200000000000000e+04
1.112100000000000000e+04
1.057300000000000000e+04
1.014600000000000000e+04
9.796000000000000000e+03
9.499000000000000000e+03
9.242000000000000000e+03
9.014000000000000000e+03
8.809000000000000000e+03
8.624000000000000000e+03
8.454000000000000000e+03
8.297000000000000000e+03
8.151000000000000000e+03
8.015000000000000000e+03
7.887000000000000000e+03
7.767000000000000000e+03
7.653000000000000000e+03
7.545000000000000000e+03
7.442000000000000000e+03
7.344000000000000000e+03
7.250000000000000000e+03
7.160000000000000000e+03
7.074000000000000000e+03
6.990000000000000000e+03
6.910000000000000000e+03
6.832000000000000000e+03
6.757000000000000000e+03
6.685000000000000000e+03
6.614000000000000000e+03
6.546000000000000000e+03
6.479000000000000000e+03
6.415000000000000000e+03
6.352000000000000000e+03
6.290000000000000000e+03
6.230000000000000000e+03
6.172000000000000000e+03
6.115000000000000000e+03
6.059000000000000000e+03
6.004000000000000000e+03
5.950000000000000000e+03
5.898000000000000000e+03
5.846000000000000000e+03
5.796000000000000000e+03
5.746000000000000000e+03
5.697000000000000000e+03
5.649000000000000000e+03
5.602000000000000000e+03
5.556000000000000000e+03
5.510000000000000000e+03
5.465000000000000000e+03
5.421000000000000000e+03
5.377000000000000000e+03
5.334000000000000000e+03
5.291000000000000000e+03
5.249000000000000000e+03
5.208000000000000000e+03
5.167000000000000000e+03
5.126000000000000000e+03
5.086000000000000000e+03
5.046000000000000000e+03
5.007000000000000000e+03
4.969000000000000000e+03
4.930000000000000000e+03
4.892000000000000000e+03
4.855000000000000000e+03
4.817000000000000000e+03
4.780000000000000000e+03
4.744000000000000000e+03
4.707000000000000000e+03
4.671000000000000000e+03
4.635000000000000000e+03
4.600000000000000000e+03
4.564000000000000000e+03
4.529000000000000000e+03
4.494000000000000000e+03
4.459000000000000000e+03
4.425000000000000000e+03
4.391000000000000000e+03
4.356000000000000000e+03
4.322000000000000000e+03
4.372000000000000000e+03
4.316000000000000000e+03
4.313000000000000000e+03
4.288000000000000000e+03
4.288000000000000000e+03
4.288000000000000000e+03
4.287000000000000000e+03
4.286000000000000000e+03
4.285000000000000000e+03
4.284000000000000000e+03
4.283000000000000000e+03
4.282000000000000000e+03
4.280000000000000000e+03
4.279000000000000000e+03
4.277000000000000000e+03
4.270000000000000000e+03
4.244000000000000000e+03
4.218000000000000000e+03
4.191000000000000000e+03
4.165000000000000000e+03
4.138000000000000000e+03
4.111000000000000000e+03
4.085000000000000000e+03
4.058000000000000000e+03
4.031000000000000000e+03
4.004000000000000000e+03
3.978000000000000000e+03
3.951000000000000000e+03
3.926000000000000000e+03
3.899000000000000000e+03
3.874000000000000000e+03
3.848000000000000000e+03
3.822000000000000000e+03
3.796000000000000000e+03
3.771000000000000000e+03
3.746000000000000000e+03
3.721000000000000000e+03
3.695000000000000000e+03
3.671000000000000000e+03
3.646000000000000000e+03
3.621000000000000000e+03
3.596000000000000000e+03
3.571000000000000000e+03
3.547000000000000000e+03
3.522000000000000000e+03
3.497000000000000000e+03
3.472000000000000000e+03
3.448000000000000000e+03
3.422000000000000000e+03
3.397000000000000000e+03
3.371000000000000000e+03
3.345000000000000000e+03
3.319000000000000000e+03
3.292000000000000000e+03
3.265000000000000000e+03
3.239000000000000000e+03
3.213000000000000000e+03
3.188000000000000000e+03
3.163000000000000000e+03
3.139000000000000000e+03
3.115000000000000000e+03
3.092000000000000000e+03
3.068000000000000000e+03
3.045000000000000000e+03
3.023000000000000000e+03
3.001000000000000000e+03
2.980000000000000000e+03
2.958000000000000000e+03
inf
1.812600000000000000e+04
1.317600000000000000e+04
1.186400000000000000e+04
1.109400000000000000e+04
1.054600000000000000e+04
1.012000000000000000e+04
9.771000000000000000e+03
9.475000000000000000e+03
9.218000000000000000e+03
8.990000000000000000e+03
8.786000000000000000e+03
8.600000000000000000e+03
8.431000000000000000e+03
8.274000000000000000e+03
8.128000000000000000e+03
7.993000000000000000e+03
7.865000000000000000e+03
7.745000000000000000e+03
7.631000000000000000e+03
7.523000000000000000e+03
7.421000000000000000e+03
7.323000000000000000e+03
7.229000000000000000e+03
7.139000000000000000e+03
7.053000000000000000e+03
6.969000000000000000e+03
6.889000000000000000e+03
6.812000000000000000e+03
6.737000000000000000e+03
6.664000000000000000e+03
6.594000000000000000e+03
6.526000000000000000e+03
6.459000000000000000e+03
6.395000000000000000e+03
6.332000000000000000e+03
6.271000000000000000e+03
6.211000000000000000e+03
6.152000000000000000e+03
6.095000000000000000e+03
6.040000000000000000e+03
5.985000000000000000e+03
5.931000000000000000e+03
5.879000000000000000e+03
5.827000000000000000e+03
5.777000000000000000e+03
5.727000000000000000e+03
5.679000000000000000e+03
5.631000000000000000e+03
5.584000000000000000e+03
5.537000000000000000e+03
5.492000000000000000e+03
5.447000000000000000e+03
5.403000000000000000e+03
5.359000000000000000e+03
5.316000000000000000e+03
5.274000000000000000e+03
5.232000000000000000e+03
5.190000000000000000e+03
5.149000000000000000e+03
5.109000000000000000e+03
5.069000000000000000e+03
5.030000000000000000e+03
4.991000000000000000e+03
4.952000000000000000e+03
4.914000000000000000e+03
4.876000000000000000e+03
4.838000000000000000e+03
4.801000000000000000e+03
4.764000000000000000e+03
4.727000000000000000e+03
4.691000000000000000e+03
4.655000000000000000e+03
4.619000000000000000e+03
4.584000000000000000e+03
4.549000000000000000e+03
4.514000000000000000e+03
4.479000000000000000e+03
4.444000000000000000e+03
4.410000000000000000e+03
4.376000000000000000e+03
4.342000000000000000e+03
4.308000000000000000e+03
4.274000000000000000e+03
4.324000000000000000e+03
4.268000000000000000e+03
4.266000000000000000e+03
4.243000000000000000e+03
4.243000000000000000e+03
4.243000000000000000e+03
4.242000000000000000e+03
4.241000000000000000e+03
4.240000000000000000e+03
4.239000000000000000e+03
4.238000000000000000e+03
4.236000000000000000e+03
4.235000000000000000e+03
4.233000000000000000e+03
4.232000000000000000e+03
4.226000000000000000e+03
4.201000000000000000e+03
4.175000000000000000e+03
4.148000000000000000e+03
4.122000000000000000e+03
4.095000000000000000e+03
4.068000000000000000e+03
4.041000000000000000e+03
4.014000000000000000e+03
3.988000000000000000e+03
3.961000000000000000e+03
3.935000000000000000e+03
3.909000000000000000e+03
3.883000000000000000e+03
3.857000000000000000e+03
3.832000000000000000e+03
3.806000000000000000e+03
3.781000000000000000e+03
3.756000000000000000e+03
3.730000000000000000e+03
3.705000000000000000e+03
3.680000000000000000e+03
3.656000000000000000e+03
3.631000000000000000e+03
3.606000000000000000e+03
3.581000000000000000e+03
3.556000000000000000e+03
3.532000000000000000e+03
3.507000000000000000e+03
3.483000000000000000e+03
3.458000000000000000e+03
3.433000000000000000e+03
3.409000000000000000e+03
3.383000000000000000e+03
3.358000000000000000e+03
3.332000000000000000e+03
3.306000000000000000e+03
3.279000000000000000e+03
3.253000000000000000e+03
3.226000000000000000e+03
3.200000000000000000e+03
3.175000000000000000e+03
3.150000000000000000e+03
3.125000000000000000e+03
3.102000000000000000e+03
3.078000000000000000e+03
3.055000000000000000e+03
3.032000000000000000e+03
3.009000000000000000e+03
2.988000000000000000e+03
2.966000000000000000e+03
2.945000000000000000e+03
inf
1.811800000000000000e+04
1.314200000000000000e+04
1.183200000000000000e+04
1.106300000000000000e+04
1.051600000000000000e+04
1.009100000000000000e+04
9.742000000000000000e+03
9.447000000000000000e+03
9.190000000000000000e+03
8.962000000000000000e+03
8.759000000000000000e+03
8.574000000000000000e+03
8.404000000000000000e+03
8.248000000000000000e+03
8.102000000000000000e+03
7.967000000000000000e+03
7.840000000000000000e+03
7.720000000000000000e+03
7.606000000000000000e+03
7.498000000000000000e+03
7.396000000000000000e+03
7.298000000000000000e+03
7.205000000000000000e+03
7.115000000000000000e+03
7.029000000000000000e+03
6.946000000000000000e+03
6.866000000000000000e+03
6.788000000000000000e+03
6.714000000000000000e+03
6.641000000000000000e+03
6.571000000000000000e+03
6.503000000000000000e+03
6.437000000000000000e+03
6.372000000000000000e+03
6.309000000000000000e+03
6.248000000000000000e+03
6.189000000000000000e+03
6.130000000000000000e+03
6.073000000000000000e+03
6.018000000000000000e+03
5.963000000000000000e+03
5.910000000000000000e+03
5.857000000000000000e+03
5.806000000000000000e+03
5.756000000000000000e+03
5.706000000000000000e+03
5.658000000000000000e+03
5.610000000000000000e+03
5.563000000000000000e+03
5.517000000000000000e+03
5.471000000000000000e+03
5.426000000000000000e+03
5.382000000000000000e+03
5.339000000000000000e+03
5.296000000000000000e+03
5.254000000000000000e+03
5.212000000000000000e+03
5.171000000000000000e+03
5.130000000000000000e+03
5.089000000000000000e+03
5.050000000000000000e+03
5.010000000000000000e+03
4.971000000000000000e+03
4.933000000000000000e+03
4.895000000000000000e+03
4.857000000000000000e+03
4.819000000000000000e+03
4.782000000000000000e+03
4.746000000000000000e+03
4.709000000000000000e+03
4.673000000000000000e+03
4.637000000000000000e+03
4.602000000000000000e+03
4.566000000000000000e+03
4.531000000000000000e+03
4.496000000000000000e+03
4.462000000000000000e+03
4.427000000000000000e+03
4.393000000000000000e+03
4.359000000000000000e+03
4.325000000000000000e+03
4.291000000000000000e+03
4.258000000000000000e+03
4.224000000000000000e+03
4.275000000000000000e+03
4.218000000000000000e+03
4.215000000000000000e+03
4.196000000000000000e+03
4.196000000000000000e+03
4.196000000000000000e+03
4.195000000000000000e+03
4.194000000000000000e+03
4.193000000000000000e+03
4.192000000000000000e+03
4.191000000000000000e+03
4.189000000000000000e+03
4.188000000000000000e+03
4.186000000000000000e+03
4.185000000000000000e+03
4.180000000000000000e+03
4.154000000000000000e+03
4.128000000000000000e+03
4.102000000000000000e+03
4.076000000000000000e+03
4.050000000000000000e+03
4.023000000000000000e+03
3.996000000000000000e+03
3.969000000000000000e+03
3.943000000000000000e+03
3.917000000000000000e+03
3.891000000000000000e+03
3.865000000000000000e+03
3.839000000000000000e+03
3.813000000000000000e+03
3.788000000000000000e+03
3.763000000000000000e+03
3.738000000000000000e+03
3.713000000000000000e+03
3.688000000000000000e+03
3.663000000000000000e+03
3.638000000000000000e+03
3.613000000000000000e+03
3.588000000000000000e+03
3.564000000000000000e+03
3.540000000000000000e+03
3.515000000000000000e+03
3.490000000000000000e+03
3.466000000000000000e+03
3.441000000000000000e+03
3.417000000000000000e+03
3.392000000000000000e+03
3.367000000000000000e+03
3.342000000000000000e+03
3.317000000000000000e+03
3.291000000000000000e+03
3.265000000000000000e+03
3.238000000000000000e+03
3.212000000000000000e+03
3.186000000000000000e+03
3.160000000000000000e+03
3.136000000000000000e+03
3.111000000000000000e+03
3.087000000000000000e+03
3.063000000000000000e+03
3.040000000000000000e+03
3.017000000000000000e+03
2.994000000000000000e+03
2.972000000000000000e+03
2.951000000000000000e+03
2.929000000000000000e+03
inf
1.811100000000000000e+04
1.311200000000000000e+04
1.180400000000000000e+04
1.103600000000000000e+04
1.049000000000000000e+04
1.006500000000000000e+04
9.717000000000000000e+03
9.422000000000000000e+03
9.165000000000000000e+03
8.939000000000000000e+03
8.735000000000000000e+03
8.550000000000000000e+03
8.381000000000000000e+03
8.225000000000000000e+03
8.080000000000000000e+03
7.944000000000000000e+03
7.817000000000000000e+03
7.698000000000000000e+03
7.584000000000000000e+03
7.477000000000000000e+03
7.374000000000000000e+03
7.277000000000000000e+03
7.183000000000000000e+03
7.094000000000000000e+03
7.008000000000000000e+03
6.925000000000000000e+03
6.845000000000000000e+03
6.768000000000000000e+03
6.693000000000000000e+03
6.621000000000000000e+03
6.551000000000000000e+03
6.483000000000000000e+03
6.417000000000000000e+03
6.352000000000000000e+03
6.290000000000000000e+03
6.229000000000000000e+03
6.169000000000000000e+03
6.111000000000000000e+03
6.054000000000000000e+03
5.999000000000000000e+03
5.944000000000000000e+03
5.891000000000000000e+03
5.839000000000000000e+03
5.787000000000000000e+03
5.737000000000000000e+03
5.688000000000000000e+03
5.639000000000000000e+03
5.592000000000000000e+03
5.545000000000000000e+03
5.499000000000000000e+03
5.453000000000000000e+03
5.409000000000000000e+03
5.365000000000000000e+03
5.321000000000000000e+03
5.278000000000000000e+03
5.236000000000000000e+03
5.194000000000000000e+03
5.153000000000000000e+03
5.113000000000000000e+03
5.072000000000000000e+03
5.033000000000000000e+03
4.993000000000000000e+03
4.955000000000000000e+03
4.916000000000000000e+03
4.878000000000000000e+03
4.840000000000000000e+03
4.803000000000000000e+03
4.766000000000000000e+03
4.730000000000000000e+03
4.693000000000000000e+03
4.657000000000000000e+03
4.621000000000000000e+03
4.586000000000000000e+03
4.551000000000000000e+03
4.516000000000000000e+03
4.481000000000000000e+03
4.446000000000000000e+03
4.412000000000000000e+03
4.378000000000000000e+03
4.344000000000000000e+03
4.310000000000000000e+03
4.277000000000000000e+03
4.243000000000000000e+03
4.210000000000000000e+03
4.177000000000000000e+03
4.228000000000000000e+03
4.171000000000000000e+03
4.168000000000000000e+03
4.152000000000000000e+03
4.152000000000000000e+03
4.152000000000000000e+03
4.151000000000000000e+03
4.150000000000000000e+03
4.149000000000000000e+03
4.148000000000000000e+03
4.147000000000000000e+03
4.145000000000000000e+03
4.144000000000000000e+03
4.142000000000000000e+03
4.140000000000000000e+03
4.137000000000000000e+03
4.111000000000000000e+03
4.085000000000000000e+03
4.059000000000000000e+03
4.033000000000000000e+03
4.007000000000000000e+03
3.980000000000000000e+03
3.954000000000000000e+03
3.927000000000000000e+03
3.901000000000000000e+03
3.875000000000000000e+03
3.850000000000000000e+03
3.824000000000000000e+03
3.798000000000000000e+03
3.773000000000000000e+03
3.748000000000000000e+03
3.723000000000000000e+03
3.697000000000000000e+03
3.672000000000000000e+03
3.647000000000000000e+03
3.623000000000000000e+03
3.598000000000000000e+03
3.573000000000000000e+03
3.549000000000000000e+03
3.525000000000000000e+03
3.501000000000000000e+03
3.476000000000000000e+03
3.451000000000000000e+03
3.427000000000000000e+03
3.403000000000000000e+03
3.378000000000000000e+03
3.353000000000000000e+03
3.329000000000000000e+03
3.304000000000000000e+03
3.278000000000000000e+03
3.253000000000000000e+03
3.226000000000000000e+03
3.199000000000000000e+03
3.174000000000000000e+03
3.148000000000000000e+03
3.123000000000000000e+03
3.098000000000000000e+03
3.074000000000000000e+03
3.050000000000000000e+03
3.027000000000000000e+03
3.004000000000000000e+03
2.981000000000000000e+03
2.959000000000000000e+03
2.937000000000000000e+03
2.916000000000000000e+03
inf
1.810400000000000000e+04
1.308300000000000000e+04
1.177600000000000000e+04
1.101000000000000000e+04
1.046400000000000000e+04
1.004000000000000000e+04
9.692000000000000000e+03
9.397000000000000000e+03
9.141000000000000000e+03
8.915000000000000000e+03
8.711000000000000000e+03
8.527000000000000000e+03
8.358000000000000000e+03
8.202000000000000000e+03
8.057000000000000000e+03
7.922000000000000000e+03
7.795000000000000000e+03
7.675000000000000000e+03
7.562000000000000000e+03
7.455000000000000000e+03
7.353000000000000000e+03
7.255000000000000000e+03
7.162000000000000000e+03
7.073000000000000000e+03
6.987000000000000000e+03
6.904000000000000000e+03
6.824000000000000000e+03
6.747000000000000000e+03
6.673000000000000000e+03
6.601000000000000000e+03
6.531000000000000000e+03
6.463000000000000000e+03
6.397000000000000000e+03
6.333000000000000000e+03
6.270000000000000000e+03
6.209000000000000000e+03
6.150000000000000000e+03
6.092000000000000000e+03
6.035000000000000000e+03
5.979000000000000000e+03
5.925000000000000000e+03
5.872000000000000000e+03
5.820000000000000000e+03
5.769000000000000000e+03
5.719000000000000000e+03
5.669000000000000000e+03
5.621000000000000000e+03
5.573000000000000000e+03
5.527000000000000000e+03
5.481000000000000000e+03
5.435000000000000000e+03
5.391000000000000000e+03
5.347000000000000000e+03
5.304000000000000000e+03
5.261000000000000000e+03
5.219000000000000000e+03
5.177000000000000000e+03
5.136000000000000000e+03
5.096000000000000000e+03
5.055000000000000000e+03
5.016000000000000000e+03
4.977000000000000000e+03
4.938000000000000000e+03
4.900000000000000000e+03
4.862000000000000000e+03
4.824000000000000000e+03
4.787000000000000000e+03
4.750000000000000000e+03
4.714000000000000000e+03
4.677000000000000000e+03
4.641000000000000000e+03
4.606000000000000000e+03
4.570000000000000000e+03
4.535000000000000000e+03
4.500000000000000000e+03
4.466000000000000000e+03
4.431000000000000000e+03
4.397000000000000000e+03
4.363000000000000000e+03
4.329000000000000000e+03
4.296000000000000000e+03
4.262000000000000000e+03
4.229000000000000000e+03
4.196000000000000000e+03
4.162000000000000000e+03
4.130000000000000000e+03
4.181000000000000000e+03
4.124000000000000000e+03
4.121000000000000000e+03
4.108000000000000000e+03
4.108000000000000000e+03
4.108000000000000000e+03
4.107000000000000000e+03
4.106000000000000000e+03
4.105000000000000000e+03
4.104000000000000000e+03
4.103000000000000000e+03
4.101000000000000000e+03
4.100000000000000000e+03
4.098000000000000000e+03
4.096000000000000000e+03
4.094000000000000000e+03
4.068000000000000000e+03
4.042000000000000000e+03
4.016000000000000000e+03
3.990000000000000000e+03
3.964000000000000000e+03
3.938000000000000000e+03
3.912000000000000000e+03
3.885000000000000000e+03
3.860000000000000000e+03
3.833000000000000000e+03
3.808000000000000000e+03
3.782000000000000000e+03
3.757000000000000000e+03
3.732000000000000000e+03
3.707000000000000000e+03
3.682000000000000000e+03
3.657000000000000000e+03
3.632000000000000000e+03
3.608000000000000000e+03
3.583000000000000000e+03
3.558000000000000000e+03
3.534000000000000000e+03
3.510000000000000000e+03
3.486000000000000000e+03
3.462000000000000000e+03
3.437000000000000000e+03
3.412000000000000000e+03
3.388000000000000000e+03
3.364000000000000000e+03
3.339000000000000000e+03
3.315000000000000000e+03
3.290000000000000000e+03
3.266000000000000000e+03
3.240000000000000000e+03
3.213000000000000000e+03
3.187000000000000000e+03
3.161000000000000000e+03
3.135000000000000000e+03
3.111000000000000000e+03
3.086000000000000000e+03
3.061000000000000000e+03
3.038000000000000000e+03
3.014000000000000000e+03
2.991000000000000000e+03
2.968000000000000000e+03
2.946000000000000000e+03
2.924000000000000000e+03
2.902000000000000000e+03
inf
1.809700000000000000e+04
1.305300000000000000e+04
1.174800000000000000e+04
1.098300000000000000e+04
1.043800000000000000e+04
1.001400000000000000e+04
9.667000000000000000e+03
9.373000000000000000e+03
9.117000000000000000e+03
8.891000000000000000e+03
8.688000000000000000e+03
8.503000000000000000e+03
8.335000000000000000e+03
8.179000000000000000e+03
8.035000000000000000e+03
7.900000000000000000e+03
7.773000000000000000e+03
7.653000000000000000e+03
7.541000000000000000e+03
7.433000000000000000e+03
7.331000000000000000e+03
7.234000000000000000e+03
7.141000000000000000e+03
7.052000000000000000e+03
6.966000000000000000e+03
6.883000000000000000e+03
6.804000000000000000e+03
6.727000000000000000e+03
6.652000000000000000e+03
6.580000000000000000e+03
6.511000000000000000e+03
6.443000000000000000e+03
6.377000000000000000e+03
6.313000000000000000e+03
6.251000000000000000e+03
6.190000000000000000e+03
6.130000000000000000e+03
6.072000000000000000e+03
6.016000000000000000e+03
5.960000000000000000e+03
5.906000000000000000e+03
5.853000000000000000e+03
5.801000000000000000e+03
5.750000000000000000e+03
5.700000000000000000e+03
5.651000000000000000e+03
5.603000000000000000e+03
5.555000000000000000e+03
5.509000000000000000e+03
5.463000000000000000e+03
5.418000000000000000e+03
5.373000000000000000e+03
5.329000000000000000e+03
5.286000000000000000e+03
5.243000000000000000e+03
5.201000000000000000e+03
5.160000000000000000e+03
5.119000000000000000e+03
5.079000000000000000e+03
5.039000000000000000e+03
4.999000000000000000e+03
4.960000000000000000e+03
4.921000000000000000e+03
4.883000000000000000e+03
4.845000000000000000e+03
4.808000000000000000e+03
4.771000000000000000e+03
4.734000000000000000e+03
4.698000000000000000e+03
4.661000000000000000e+03
4.626000000000000000e+03
4.590000000000000000e+03
4.555000000000000000e+03
4.520000000000000000e+03
4.485000000000000000e+03
4.450000000000000000e+03
4.416000000000000000e+03
4.382000000000000000e+03
4.348000000000000000e+03
4.314000000000000000e+03
4.281000000000000000e+03
4.248000000000000000e+03
4.214000000000000000e+03
4.181000000000000000e+03
4.148000000000000000e+03
4.116000000000000000e+03
4.083000000000000000e+03
4.134000000000000000e+03
4.078000000000000000e+03
4.075000000000000000e+03
4.065000000000000000e+03
4.065000000000000000e+03
4.064000000000000000e+03
4.064000000000000000e+03
4.063000000000000000e+03
4.062000000000000000e+03
4.061000000000000000e+03
4.059000000000000000e+03
4.058000000000000000e+03
4.056000000000000000e+03
4.055000000000000000e+03
4.053000000000000000e+03
4.051000000000000000e+03
4.025000000000000000e+03
4.000000000000000000e+03
3.974000000000000000e+03
3.948000000000000000e+03
3.922000000000000000e+03
3.896000000000000000e+03
3.869000000000000000e+03
3.843000000000000000e+03
3.817000000000000000e+03
3.793000000000000000e+03
3.767000000000000000e+03
3.742000000000000000e+03
3.716000000000000000e+03
3.692000000000000000e+03
3.667000000000000000e+03
3.642000000000000000e+03
3.617000000000000000e+03
3.592000000000000000e+03
3.568000000000000000e+03
3.544000000000000000e+03
3.519000000000000000e+03
3.496000000000000000e+03
3.471000000000000000e+03
3.447000000000000000e+03
3.423000000000000000e+03
3.399000000000000000e+03
3.374000000000000000e+03
3.350000000000000000e+03
3.326000000000000000e+03
3.301000000000000000e+03
3.277000000000000000e+03
3.252000000000000000e+03
3.227000000000000000e+03
3.202000000000000000e+03
3.175000000000000000e+03
3.149000000000000000e+03
3.123000000000000000e+03
3.098000000000000000e+03
3.073000000000000000e+03
3.049000000000000000e+03
3.025000000000000000e+03
3.001000000000000000e+03
2.978000000000000000e+03
2.955000000000000000e+03
2.933000000000000000e+03
2.911000000000000000e+03
2.889000000000000000e+03
inf
1.809000000000000000e+04
1.302300000000000000e+04
1.172000000000000000e+04
1.095600000000000000e+04
1.041200000000000000e+04
9.989000000000000000e+03
9.642000000000000000e+03
9.348000000000000000e+03
9.093000000000000000e+03
8.867000000000000000e+03
8.664000000000000000e+03
8.480000000000000000e+03
8.312000000000000000e+03
8.156000000000000000e+03
8.012000000000000000e+03
7.877000000000000000e+03
7.751000000000000000e+03
7.631000000000000000e+03
7.519000000000000000e+03
7.412000000000000000e+03
7.310000000000000000e+03
7.213000000000000000e+03
7.120000000000000000e+03
7.031000000000000000e+03
6.945000000000000000e+03
6.863000000000000000e+03
6.783000000000000000e+03
6.706000000000000000e+03
6.632000000000000000e+03
6.560000000000000000e+03
6.491000000000000000e+03
6.423000000000000000e+03
6.357000000000000000e+03
6.293000000000000000e+03
6.231000000000000000e+03
6.170000000000000000e+03
6.111000000000000000e+03
6.053000000000000000e+03
5.997000000000000000e+03
5.941000000000000000e+03
5.887000000000000000e+03
5.834000000000000000e+03
5.782000000000000000e+03
5.732000000000000000e+03
5.682000000000000000e+03
5.633000000000000000e+03
5.584000000000000000e+03
5.537000000000000000e+03
5.491000000000000000e+03
5.445000000000000000e+03
5.400000000000000000e+03
5.355000000000000000e+03
5.312000000000000000e+03
5.269000000000000000e+03
5.226000000000000000e+03
5.184000000000000000e+03
5.143000000000000000e+03
5.102000000000000000e+03
5.062000000000000000e+03
5.022000000000000000e+03
4.982000000000000000e+03
4.943000000000000000e+03
4.905000000000000000e+03
4.867000000000000000e+03
4.829000000000000000e+03
4.792000000000000000e+03
4.755000000000000000e+03
4.718000000000000000e+03
4.682000000000000000e+03
4.646000000000000000e+03
4.610000000000000000e+03
4.574000000000000000e+03
4.539000000000000000e+03
4.504000000000000000e+03
4.470000000000000000e+03
4.435000000000000000e+03
4.401000000000000000e+03
4.367000000000000000e+03
4.333000000000000000e+03
4.300000000000000000e+03
4.266000000000000000e+03
4.233000000000000000e+03
4.200000000000000000e+03
4.167000000000000000e+03
4.134000000000000000e+03
4.102000000000000000e+03
4.069000000000000000e+03
4.037000000000000000e+03
4.087000000000000000e+03
4.031000000000000000e+03
4.029000000000000000e+03
4.022000000000000000e+03
4.022000000000000000e+03
4.021000000000000000e+03
4.021000000000000000e+03
4.020000000000000000e+03
4.019000000000000000e+03
4.017000000000000000e+03
4.016000000000000000e+03
4.015000000000000000e+03
4.013000000000000000e+03
4.011000000000000000e+03
4.010000000000000000e+03
4.008000000000000000e+03
3.983000000000000000e+03
3.957000000000000000e+03
3.932000000000000000e+03
3.906000000000000000e+03
3.880000000000000000e+03
3.854000000000000000e+03
3.828000000000000000e+03
3.802000000000000000e+03
3.777000000000000000e+03
3.751000000000000000e+03
3.726000000000000000e+03
3.701000000000000000e+03
3.676000000000000000e+03
3.651000000000000000e+03
3.627000000000000000e+03
3.602000000000000000e+03
3.577000000000000000e+03
3.554000000000000000e+03
3.529000000000000000e+03
3.504000000000000000e+03
3.481000000000000000e+03
3.457000000000000000e+03
3.433000000000000000e+03
3.409000000000000000e+03
3.384000000000000000e+03
3.360000000000000000e+03
3.336000000000000000e+03
3.312000000000000000e+03
3.288000000000000000e+03
3.264000000000000000e+03
3.239000000000000000e+03
3.214000000000000000e+03
3.189000000000000000e+03
3.163000000000000000e+03
3.137000000000000000e+03
3.111000000000000000e+03
3.085000000000000000e+03
3.061000000000000000e+03
3.036000000000000000e+03
3.012000000000000000e+03
2.989000000000000000e+03
2.965000000000000000e+03
2.942000000000000000e+03
2.920000000000000000e+03
2.897000000000000000e+03
2.876000000000000000e+03
inf
1.808300000000000000e+04
1.299300000000000000e+04
1.169200000000000000e+04
1.092900000000000000e+04
1.038600000000000000e+04
9.963000000000000000e+03
9.617000000000000000e+03
9.324000000000000000e+03
9.069000000000000000e+03
8.843000000000000000e+03
8.641000000000000000e+03
8.457000000000000000e+03
8.289000000000000000e+03
8.134000000000000000e+03
7.989000000000000000e+03
7.855000000000000000e+03
7.729000000000000000e+03
7.610000000000000000e+03
7.497000000000000000e+03
7.390000000000000000e+03
7.288000000000000000e+03
7.191000000000000000e+03
7.099000000000000000e+03
7.010000000000000000e+03
6.924000000000000000e+03
6.842000000000000000e+03
6.763000000000000000e+03
6.686000000000000000e+03
6.612000000000000000e+03
6.540000000000000000e+03
6.471000000000000000e+03
6.403000000000000000e+03
6.337000000000000000e+03
6.274000000000000000e+03
6.211000000000000000e+03
6.151000000000000000e+03
6.092000000000000000e+03
6.034000000000000000e+03
5.978000000000000000e+03
5.923000000000000000e+03
5.869000000000000000e+03
5.816000000000000000e+03
5.764000000000000000e+03
5.713000000000000000e+03
5.663000000000000000e+03
5.614000000000000000e+03
5.566000000000000000e+03
5.519000000000000000e+03
5.473000000000000000e+03
5.427000000000000000e+03
5.382000000000000000e+03
5.338000000000000000e+03
5.294000000000000000e+03
5.251000000000000000e+03
5.209000000000000000e+03
5.167000000000000000e+03
5.126000000000000000e+03
5.085000000000000000e+03
5.045000000000000000e+03
5.005000000000000000e+03
4.966000000000000000e+03
4.927000000000000000e+03
4.888000000000000000e+03
4.850000000000000000e+03
4.813000000000000000e+03
4.775000000000000000e+03
4.739000000000000000e+03
4.702000000000000000e+03
4.666000000000000000e+03
4.630000000000000000e+03
4.594000000000000000e+03
4.559000000000000000e+03
4.524000000000000000e+03
4.489000000000000000e+03
4.455000000000000000e+03
4.420000000000000000e+03
4.386000000000000000e+03
4.352000000000000000e+03
4.319000000000000000e+03
4.285000000000000000e+03
4.252000000000000000e+03
4.219000000000000000e+03
4.186000000000000000e+03
4.153000000000000000e+03
4.120000000000000000e+03
4.088000000000000000e+03
4.055000000000000000e+03
4.023000000000000000e+03
3.991000000000000000e+03
4.042000000000000000e+03
3.986000000000000000e+03
3.984000000000000000e+03
3.979000000000000000e+03
3.979000000000000000e+03
3.979000000000000000e+03
3.978000000000000000e+03
3.977000000000000000e+03
3.976000000000000000e+03
3.975000000000000000e+03
3.973000000000000000e+03
3.972000000000000000e+03
3.970000000000000000e+03
3.969000000000000000e+03
3.967000000000000000e+03
3.965000000000000000e+03
3.941000000000000000e+03
3.915000000000000000e+03
3.890000000000000000e+03
3.864000000000000000e+03
3.838000000000000000e+03
3.812000000000000000e+03
3.787000000000000000e+03
3.761000000000000000e+03
3.736000000000000000e+03
3.711000000000000000e+03
3.686000000000000000e+03
3.661000000000000000e+03
3.636000000000000000e+03
3.612000000000000000e+03
3.587000000000000000e+03
3.563000000000000000e+03
3.538000000000000000e+03
3.514000000000000000e+03
3.490000000000000000e+03
3.466000000000000000e+03
3.442000000000000000e+03
3.418000000000000000e+03
3.394000000000000000e+03
3.370000000000000000e+03
3.346000000000000000e+03
3.322000000000000000e+03
3.298000000000000000e+03
3.274000000000000000e+03
3.250000000000000000e+03
3.226000000000000000e+03
3.201000000000000000e+03
3.177000000000000000e+03
3.151000000000000000e+03
3.125000000000000000e+03
3.099000000000000000e+03
3.074000000000000000e+03
3.048000000000000000e+03
3.024000000000000000e+03
3.000000000000000000e+03
2.976000000000000000e+03
2.952000000000000000e+03
2.930000000000000000e+03
2.907000000000000000e+03
2.885000000000000000e+03
2.863000000000000000e+03
inf
1.807600000000000000e+04
1.296400000000000000e+04
1.166400000000000000e+04
1.090200000000000000e+04
1.036000000000000000e+04
9.938000000000000000e+03
9.592000000000000000e+03
9.299000000000000000e+03
9.044000000000000000e+03
8.819000000000000000e+03
8.617000000000000000e+03
8.434000000000000000e+03
8.266000000000000000e+03
8.111000000000000000e+03
7.967000000000000000e+03
7.833000000000000000e+03
7.706000000000000000e+03
7.588000000000000000e+03
7.475000000000000000e+03
7.369000000000000000e+03
7.267000000000000000e+03
7.170000000000000000e+03
7.078000000000000000e+03
6.989000000000000000e+03
6.903000000000000000e+03
6.821000000000000000e+03
6.742000000000000000e+03
6.666000000000000000e+03
6.592000000000000000e+03
6.520000000000000000e+03
6.451000000000000000e+03
6.383000000000000000e+03
6.318000000000000000e+03
6.254000000000000000e+03
6.192000000000000000e+03
6.132000000000000000e+03
6.073000000000000000e+03
6.015000000000000000e+03
5.959000000000000000e+03
5.904000000000000000e+03
5.850000000000000000e+03
5.797000000000000000e+03
5.745000000000000000e+03
5.695000000000000000e+03
5.645000000000000000e+03
5.596000000000000000e+03
5.548000000000000000e+03
5.501000000000000000e+03
5.455000000000000000e+03
5.409000000000000000e+03
5.364000000000000000e+03
5.320000000000000000e+03
5.277000000000000000e+03
5.234000000000000000e+03
5.191000000000000000e+03
5.150000000000000000e+03
5.108000000000000000e+03
5.068000000000000000e+03
5.028000000000000000e+03
4.988000000000000000e+03
4.949000000000000000e+03
4.910000000000000000e+03
4.872000000000000000e+03
4.834000000000000000e+03
4.796000000000000000e+03
4.759000000000000000e+03
4.722000000000000000e+03
4.686000000000000000e+03
4.650000000000000000e+03
4.614000000000000000e+03
4.579000000000000000e+03
4.543000000000000000e+03
4.508000000000000000e+03
4.474000000000000000e+03
4.439000000000000000e+03
4.405000000000000000e+03
4.371000000000000000e+03
4.338000000000000000e+03
4.304000000000000000e+03
4.271000000000000000e+03
4.238000000000000000e+03
4.205000000000000000e+03
4.172000000000000000e+03
4.139000000000000000e+03
4.107000000000000000e+03
4.074000000000000000e+03
4.042000000000000000e+03
4.010000000000000000e+03
3.978000000000000000e+03
3.946000000000000000e+03
3.997000000000000000e+03
3.941000000000000000e+03
3.939000000000000000e+03
3.937000000000000000e+03
3.937000000000000000e+03
3.936000000000000000e+03
3.936000000000000000e+03
3.935000000000000000e+03
3.934000000000000000e+03
3.933000000000000000e+03
3.931000000000000000e+03
3.930000000000000000e+03
3.928000000000000000e+03
3.926000000000000000e+03
3.925000000000000000e+03
3.923000000000000000e+03
3.899000000000000000e+03
3.874000000000000000e+03
3.848000000000000000e+03
3.822000000000000000e+03
3.796000000000000000e+03
3.771000000000000000e+03
3.746000000000000000e+03
3.721000000000000000e+03
3.695000000000000000e+03
3.670000000000000000e+03
3.645000000000000000e+03
3.621000000000000000e+03
3.597000000000000000e+03
3.572000000000000000e+03
3.548000000000000000e+03
3.524000000000000000e+03
3.499000000000000000e+03
3.476000000000000000e+03
3.451000000000000000e+03
3.427000000000000000e+03
3.403000000000000000e+03
3.380000000000000000e+03
3.356000000000000000e+03
3.332000000000000000e+03
3.308000000000000000e+03
3.285000000000000000e+03
3.261000000000000000e+03
3.236000000000000000e+03
3.213000000000000000e+03
3.188000000000000000e+03
3.164000000000000000e+03
3.139000000000000000e+03
3.113000000000000000e+03
3.087000000000000000e+03
3.062000000000000000e+03
3.036000000000000000e+03
3.012000000000000000e+03
2.988000000000000000e+03
2.963000000000000000e+03
2.941000000000000000e+03
2.917000000000000000e+03
2.894000000000000000e+03
2.872000000000000000e+03
2.850000000000000000e+03
inf
1.806900000000000000e+04
1.293400000000000000e+04
1.163600000000000000e+04
1.087500000000000000e+04
1.033400000000000000e+04
9.912000000000000000e+03
9.567000000000000000e+03
9.274000000000000000e+03
9.020000000000000000e+03
8.795000000000000000e+03
8.593000000000000000e+03
8.410000000000000000e+03
8.243000000000000000e+03
8.088000000000000000e+03
7.944000000000000000e+03
7.810000000000000000e+03
7.684000000000000000e+03
7.566000000000000000e+03
7.454000000000000000e+03
7.347000000000000000e+03
7.246000000000000000e+03
7.149000000000000000e+03
7.057000000000000000e+03
6.968000000000000000e+03
6.883000000000000000e+03
6.801000000000000000e+03
6.722000000000000000e+03
6.645000000000000000e+03
6.571000000000000000e+03
6.500000000000000000e+03
6.431000000000000000e+03
6.363000000000000000e+03
6.298000000000000000e+03
6.234000000000000000e+03
6.173000000000000000e+03
6.112000000000000000e+03
6.053000000000000000e+03
5.996000000000000000e+03
5.940000000000000000e+03
5.885000000000000000e+03
5.831000000000000000e+03
5.778000000000000000e+03
5.727000000000000000e+03
5.676000000000000000e+03
5.627000000000000000e+03
5.578000000000000000e+03
5.530000000000000000e+03
5.483000000000000000e+03
5.437000000000000000e+03
5.391000000000000000e+03
5.347000000000000000e+03
5.303000000000000000e+03
5.259000000000000000e+03
5.216000000000000000e+03
5.174000000000000000e+03
5.133000000000000000e+03
5.091000000000000000e+03
5.051000000000000000e+03
5.011000000000000000e+03
4.971000000000000000e+03
4.932000000000000000e+03
4.894000000000000000e+03
4.855000000000000000e+03
4.818000000000000000e+03
4.780000000000000000e+03
4.743000000000000000e+03
4.706000000000000000e+03
4.670000000000000000e+03
4.634000000000000000e+03
4.598000000000000000e+03
4.563000000000000000e+03
4.528000000000000000e+03
4.493000000000000000e+03
4.459000000000000000e+03
4.424000000000000000e+03
4.390000000000000000e+03
4.356000000000000000e+03
4.323000000000000000e+03
4.289000000000000000e+03
4.256000000000000000e+03
4.223000000000000000e+03
4.190000000000000000e+03
4.158000000000000000e+03
4.125000000000000000e+03
4.093000000000000000e+03
4.060000000000000000e+03
4.028000000000000000e+03
3.996000000000000000e+03
3.964000000000000000e+03
3.932000000000000000e+03
3.901000000000000000e+03
3.951000000000000000e+03
3.945000000000000000e+03
3.919000000000000000e+03
3.895000000000000000e+03
3.895000000000000000e+03
3.895000000000000000e+03
3.894000000000000000e+03
3.893000000000000000e+03
3.892000000000000000e+03
3.891000000000000000e+03
3.889000000000000000e+03
3.888000000000000000e+03
3.886000000000000000e+03
3.884000000000000000e+03
3.882000000000000000e+03
3.881000000000000000e+03
3.858000000000000000e+03
3.832000000000000000e+03
3.807000000000000000e+03
3.781000000000000000e+03
3.755000000000000000e+03
3.731000000000000000e+03
3.705000000000000000e+03
3.680000000000000000e+03
3.655000000000000000e+03
3.631000000000000000e+03
3.606000000000000000e+03
3.582000000000000000e+03
3.557000000000000000e+03
3.533000000000000000e+03
3.509000000000000000e+03
3.485000000000000000e+03
3.461000000000000000e+03
3.437000000000000000e+03
3.413000000000000000e+03
3.389000000000000000e+03
3.365000000000000000e+03
3.342000000000000000e+03
3.318000000000000000e+03
3.294000000000000000e+03
3.271000000000000000e+03
3.247000000000000000e+03
3.223000000000000000e+03
3.200000000000000000e+03
3.175000000000000000e+03
3.151000000000000000e+03
3.126000000000000000e+03
3.102000000000000000e+03
3.076000000000000000e+03
3.050000000000000000e+03
3.025000000000000000e+03
3.000000000000000000e+03
2.975000000000000000e+03
2.952000000000000000e+03
2.928000000000000000e+03
2.905000000000000000e+03
2.882000000000000000e+03
2.860000000000000000e+03
2.837000000000000000e+03
inf
1.806300000000000000e+04
1.290800000000000000e+04
1.161200000000000000e+04
1.085200000000000000e+04
1.031100000000000000e+04
9.890000000000000000e+03
9.546000000000000000e+03
9.253000000000000000e+03
8.999000000000000000e+03
8.775000000000000000e+03
8.573000000000000000e+03
8.390000000000000000e+03
8.223000000000000000e+03
8.069000000000000000e+03
7.925000000000000000e+03
7.791000000000000000e+03
7.665000000000000000e+03
7.547000000000000000e+03
7.435000000000000000e+03
7.329000000000000000e+03
7.227000000000000000e+03
7.131000000000000000e+03
7.039000000000000000e+03
6.950000000000000000e+03
6.865000000000000000e+03
6.783000000000000000e+03
6.704000000000000000e+03
6.628000000000000000e+03
6.554000000000000000e+03
6.483000000000000000e+03
6.414000000000000000e+03
6.347000000000000000e+03
6.281000000000000000e+03
6.218000000000000000e+03
6.156000000000000000e+03
6.096000000000000000e+03
6.037000000000000000e+03
5.980000000000000000e+03
5.923000000000000000e+03
5.869000000000000000e+03
5.815000000000000000e+03
5.762000000000000000e+03
5.711000000000000000e+03
5.660000000000000000e+03
5.611000000000000000e+03
5.562000000000000000e+03
5.515000000000000000e+03
5.468000000000000000e+03
5.422000000000000000e+03
5.376000000000000000e+03
5.331000000000000000e+03
5.287000000000000000e+03
5.244000000000000000e+03
5.201000000000000000e+03
5.159000000000000000e+03
5.118000000000000000e+03
5.077000000000000000e+03
5.036000000000000000e+03
4.996000000000000000e+03
4.957000000000000000e+03
4.918000000000000000e+03
4.879000000000000000e+03
4.841000000000000000e+03
4.804000000000000000e+03
4.766000000000000000e+03
4.729000000000000000e+03
4.693000000000000000e+03
4.657000000000000000e+03
4.621000000000000000e+03
4.585000000000000000e+03
4.550000000000000000e+03
4.515000000000000000e+03
4.480000000000000000e+03
4.446000000000000000e+03
4.411000000000000000e+03
4.377000000000000000e+03
4.344000000000000000e+03
4.310000000000000000e+03
4.277000000000000000e+03
4.244000000000000000e+03
4.211000000000000000e+03
4.178000000000000000e+03
4.145000000000000000e+03
4.113000000000000000e+03
4.081000000000000000e+03
4.049000000000000000e+03
4.017000000000000000e+03
3.985000000000000000e+03
3.953000000000000000e+03
3.921000000000000000e+03
3.889000000000000000e+03
3.956000000000000000e+03
3.908000000000000000e+03
3.904000000000000000e+03
3.877000000000000000e+03
3.856000000000000000e+03
3.856000000000000000e+03
3.855000000000000000e+03
3.855000000000000000e+03
3.854000000000000000e+03
3.853000000000000000e+03
3.851000000000000000e+03
3.850000000000000000e+03
3.848000000000000000e+03
3.847000000000000000e+03
3.845000000000000000e+03
3.843000000000000000e+03
3.841000000000000000e+03
3.819000000000000000e+03
3.794000000000000000e+03
3.767000000000000000e+03
3.742000000000000000e+03
3.718000000000000000e+03
3.692000000000000000e+03
3.667000000000000000e+03
3.643000000000000000e+03
3.618000000000000000e+03
3.593000000000000000e+03
3.569000000000000000e+03
3.544000000000000000e+03
3.520000000000000000e+03
3.496000000000000000e+03
3.472000000000000000e+03
3.448000000000000000e+03
3.424000000000000000e+03
3.401000000000000000e+03
3.377000000000000000e+03
3.354000000000000000e+03
3.330000000000000000e+03
3.306000000000000000e+03
3.283000000000000000e+03
3.259000000000000000e+03
3.235000000000000000e+03
3.212000000000000000e+03
3.188000000000000000e+03
3.164000000000000000e+03
3.141000000000000000e+03
3.116000000000000000e+03
3.091000000000000000e+03
3.066000000000000000e+03
3.040000000000000000e+03
3.014000000000000000e+03
2.990000000000000000e+03
2.965000000000000000e+03
2.941000000000000000e+03
2.918000000000000000e+03
2.894000000000000000e+03
2.872000000000000000e+03
2.849000000000000000e+03
2.827000000000000000e+03
inf
1.805600000000000000e+04
1.287800000000000000e+04
1.158400000000000000e+04
1.082500000000000000e+04
1.028500000000000000e+04
9.865000000000000000e+03
9.521000000000000000e+03
9.229000000000000000e+03
8.975000000000000000e+03
8.751000000000000000e+03
8.550000000000000000e+03
8.367000000000000000e+03
8.200000000000000000e+03
8.046000000000000000e+03
7.903000000000000000e+03
7.769000000000000000e+03
7.643000000000000000e+03
7.525000000000000000e+03
7.413000000000000000e+03
7.307000000000000000e+03
7.206000000000000000e+03
7.110000000000000000e+03
7.018000000000000000e+03
6.929000000000000000e+03
6.844000000000000000e+03
6.763000000000000000e+03
6.684000000000000000e+03
6.608000000000000000e+03
6.534000000000000000e+03
6.463000000000000000e+03
6.394000000000000000e+03
6.327000000000000000e+03
6.262000000000000000e+03
6.198000000000000000e+03
6.137000000000000000e+03
6.076000000000000000e+03
6.018000000000000000e+03
5.961000000000000000e+03
5.905000000000000000e+03
5.850000000000000000e+03
5.796000000000000000e+03
5.744000000000000000e+03
5.693000000000000000e+03
5.642000000000000000e+03
5.593000000000000000e+03
5.544000000000000000e+03
5.497000000000000000e+03
5.450000000000000000e+03
5.404000000000000000e+03
5.358000000000000000e+03
5.314000000000000000e+03
5.270000000000000000e+03
5.227000000000000000e+03
5.184000000000000000e+03
5.142000000000000000e+03
5.101000000000000000e+03
5.060000000000000000e+03
5.020000000000000000e+03
4.980000000000000000e+03
4.940000000000000000e+03
4.902000000000000000e+03
4.863000000000000000e+03
4.825000000000000000e+03
4.787000000000000000e+03
4.750000000000000000e+03
4.713000000000000000e+03
4.677000000000000000e+03
4.641000000000000000e+03
4.605000000000000000e+03
4.570000000000000000e+03
4.534000000000000000e+03
4.499000000000000000e+03
4.465000000000000000e+03
4.430000000000000000e+03
4.396000000000000000e+03
4.363000000000000000e+03
4.329000000000000000e+03
4.296000000000000000e+03
4.262000000000000000e+03
4.229000000000000000e+03
4.197000000000000000e+03
4.164000000000000000e+03
4.131000000000000000e+03
4.099000000000000000e+03
4.067000000000000000e+03
4.035000000000000000e+03
4.003000000000000000e+03
3.971000000000000000e+03
3.940000000000000000e+03
3.908000000000000000e+03
3.876000000000000000e+03
3.845000000000000000e+03
3.914000000000000000e+03
3.864000000000000000e+03
3.860000000000000000e+03
3.834000000000000000e+03
3.815000000000000000e+03
3.815000000000000000e+03
3.814000000000000000e+03
3.813000000000000000e+03
3.812000000000000000e+03
3.811000000000000000e+03
3.810000000000000000e+03
3.809000000000000000e+03
3.807000000000000000e+03
3.805000000000000000e+03
3.804000000000000000e+03
3.802000000000000000e+03
3.800000000000000000e+03
3.778000000000000000e+03
3.752000000000000000e+03
3.727000000000000000e+03
3.702000000000000000e+03
3.677000000000000000e+03
3.652000000000000000e+03
3.628000000000000000e+03
3.603000000000000000e+03
3.578000000000000000e+03
3.554000000000000000e+03
3.530000000000000000e+03
3.506000000000000000e+03
3.481000000000000000e+03
3.458000000000000000e+03
3.434000000000000000e+03
3.410000000000000000e+03
3.386000000000000000e+03
3.363000000000000000e+03
3.340000000000000000e+03
3.316000000000000000e+03
3.293000000000000000e+03
3.269000000000000000e+03
3.246000000000000000e+03
3.222000000000000000e+03
3.198000000000000000e+03
3.175000000000000000e+03
3.151000000000000000e+03
3.128000000000000000e+03
3.103000000000000000e+03
3.079000000000000000e+03
3.054000000000000000e+03
3.028000000000000000e+03
3.003000000000000000e+03
2.978000000000000000e+03
2.953000000000000000e+03
2.930000000000000000e+03
2.906000000000000000e+03
2.882000000000000000e+03
2.860000000000000000e+03
2.837000000000000000e+03
2.814000000000000000e+03
inf
1.804900000000000000e+04
1.284900000000000000e+04
1.155600000000000000e+04
1.079800000000000000e+04
1.025900000000000000e+04
9.840000000000000000e+03
9.496000000000000000e+03
9.204000000000000000e+03
8.951000000000000000e+03
8.727000000000000000e+03
8.526000000000000000e+03
8.344000000000000000e+03
8.177000000000000000e+03
8.023000000000000000e+03
7.880000000000000000e+03
7.747000000000000000e+03
7.621000000000000000e+03
7.503000000000000000e+03
7.392000000000000000e+03
7.286000000000000000e+03
7.185000000000000000e+03
7.089000000000000000e+03
6.997000000000000000e+03
6.908000000000000000e+03
6.824000000000000000e+03
6.742000000000000000e+03
6.663000000000000000e+03
6.587000000000000000e+03
6.514000000000000000e+03
6.443000000000000000e+03
6.374000000000000000e+03
6.307000000000000000e+03
6.242000000000000000e+03
6.179000000000000000e+03
6.117000000000000000e+03
6.057000000000000000e+03
5.999000000000000000e+03
5.942000000000000000e+03
5.886000000000000000e+03
5.831000000000000000e+03
5.778000000000000000e+03
5.725000000000000000e+03
5.674000000000000000e+03
5.624000000000000000e+03
5.575000000000000000e+03
5.526000000000000000e+03
5.479000000000000000e+03
5.432000000000000000e+03
5.386000000000000000e+03
5.341000000000000000e+03
5.296000000000000000e+03
5.253000000000000000e+03
5.209000000000000000e+03
5.167000000000000000e+03
5.125000000000000000e+03
5.084000000000000000e+03
5.043000000000000000e+03
5.003000000000000000e+03
4.963000000000000000e+03
4.924000000000000000e+03
4.885000000000000000e+03
4.847000000000000000e+03
4.809000000000000000e+03
4.771000000000000000e+03
4.734000000000000000e+03
4.697000000000000000e+03
4.661000000000000000e+03
4.625000000000000000e+03
4.589000000000000000e+03
4.554000000000000000e+03
4.519000000000000000e+03
4.484000000000000000e+03
4.450000000000000000e+03
4.415000000000000000e+03
4.381000000000000000e+03
4.348000000000000000e+03
4.314000000000000000e+03
4.281000000000000000e+03
4.248000000000000000e+03
4.215000000000000000e+03
4.182000000000000000e+03
4.150000000000000000e+03
4.117000000000000000e+03
4.085000000000000000e+03
4.053000000000000000e+03
4.021000000000000000e+03
3.990000000000000000e+03
3.958000000000000000e+03
3.926000000000000000e+03
3.895000000000000000e+03
3.864000000000000000e+03
3.832000000000000000e+03
3.801000000000000000e+03
3.870000000000000000e+03
3.820000000000000000e+03
3.816000000000000000e+03
3.790000000000000000e+03
3.774000000000000000e+03
3.774000000000000000e+03
3.773000000000000000e+03
3.773000000000000000e+03
3.772000000000000000e+03
3.770000000000000000e+03
3.769000000000000000e+03
3.768000000000000000e+03
3.766000000000000000e+03
3.764000000000000000e+03
3.763000000000000000e+03
3.761000000000000000e+03
3.759000000000000000e+03
3.737000000000000000e+03
3.712000000000000000e+03
3.687000000000000000e+03
3.662000000000000000e+03
3.637000000000000000e+03
3.612000000000000000e+03
3.588000000000000000e+03
3.563000000000000000e+03
3.539000000000000000e+03
3.515000000000000000e+03
3.491000000000000000e+03
3.467000000000000000e+03
3.443000000000000000e+03
3.420000000000000000e+03
3.396000000000000000e+03
3.372000000000000000e+03
3.349000000000000000e+03
3.325000000000000000e+03
3.302000000000000000e+03
3.279000000000000000e+03
3.255000000000000000e+03
3.231000000000000000e+03
3.208000000000000000e+03
3.185000000000000000e+03
3.162000000000000000e+03
3.138000000000000000e+03
3.115000000000000000e+03
3.091000000000000000e+03
3.067000000000000000e+03
3.042000000000000000e+03
3.017000000000000000e+03
2.992000000000000000e+03
2.966000000000000000e+03
2.942000000000000000e+03
2.918000000000000000e+03
2.894000000000000000e+03
2.870000000000000000e+03
2.848000000000000000e+03
2.825000000000000000e+03
2.803000000000000000e+03
inf
1.804300000000000000e+04
1.282300000000000000e+04
1.153200000000000000e+04
1.077500000000000000e+04
1.023700000000000000e+04
9.818000000000000000e+03
9.475000000000000000e+03
9.184000000000000000e+03
8.931000000000000000e+03
8.707000000000000000e+03
8.506000000000000000e+03
8.324000000000000000e+03
8.158000000000000000e+03
8.004000000000000000e+03
7.861000000000000000e+03
7.728000000000000000e+03
7.603000000000000000e+03
7.485000000000000000e+03
7.373000000000000000e+03
7.267000000000000000e+03
7.167000000000000000e+03
7.071000000000000000e+03
6.979000000000000000e+03
6.891000000000000000e+03
6.806000000000000000e+03
6.725000000000000000e+03
6.646000000000000000e+03
6.570000000000000000e+03
6.497000000000000000e+03
6.426000000000000000e+03
6.357000000000000000e+03
6.290000000000000000e+03
6.225000000000000000e+03
6.162000000000000000e+03
6.101000000000000000e+03
6.041000000000000000e+03
5.982000000000000000e+03
5.925000000000000000e+03
5.870000000000000000e+03
5.815000000000000000e+03
5.762000000000000000e+03
5.710000000000000000e+03
5.658000000000000000e+03
5.608000000000000000e+03
5.559000000000000000e+03
5.511000000000000000e+03
5.463000000000000000e+03
5.417000000000000000e+03
5.371000000000000000e+03
5.326000000000000000e+03
5.281000000000000000e+03
5.238000000000000000e+03
5.195000000000000000e+03
5.152000000000000000e+03
5.110000000000000000e+03
5.069000000000000000e+03
5.029000000000000000e+03
4.988000000000000000e+03
4.949000000000000000e+03
4.910000000000000000e+03
4.871000000000000000e+03
4.833000000000000000e+03
4.795000000000000000e+03
4.757000000000000000e+03
4.720000000000000000e+03
4.684000000000000000e+03
4.648000000000000000e+03
4.612000000000000000e+03
4.576000000000000000e+03
4.541000000000000000e+03
4.506000000000000000e+03
4.471000000000000000e+03
4.437000000000000000e+03
4.403000000000000000e+03
4.369000000000000000e+03
4.335000000000000000e+03
4.302000000000000000e+03
4.268000000000000000e+03
4.235000000000000000e+03
4.203000000000000000e+03
4.170000000000000000e+03
4.138000000000000000e+03
4.105000000000000000e+03
4.073000000000000000e+03
4.041000000000000000e+03
4.010000000000000000e+03
3.978000000000000000e+03
3.947000000000000000e+03
3.915000000000000000e+03
3.884000000000000000e+03
3.853000000000000000e+03
3.821000000000000000e+03
3.790000000000000000e+03
3.759000000000000000e+03
3.829000000000000000e+03
3.778000000000000000e+03
3.774000000000000000e+03
3.748000000000000000e+03
3.736000000000000000e+03
3.736000000000000000e+03
3.735000000000000000e+03
3.734000000000000000e+03
3.733000000000000000e+03
3.732000000000000000e+03
3.731000000000000000e+03
3.729000000000000000e+03
3.728000000000000000e+03
3.726000000000000000e+03
3.724000000000000000e+03
3.722000000000000000e+03
3.720000000000000000e+03
3.699000000000000000e+03
3.673000000000000000e+03
3.649000000000000000e+03
3.624000000000000000e+03
3.600000000000000000e+03
3.575000000000000000e+03
3.550000000000000000e+03
3.526000000000000000e+03
3.502000000000000000e+03
3.478000000000000000e+03
3.455000000000000000e+03
3.431000000000000000e+03
3.407000000000000000e+03
3.384000000000000000e+03
3.360000000000000000e+03
3.337000000000000000e+03
3.314000000000000000e+03
3.290000000000000000e+03
3.267000000000000000e+03
3.243000000000000000e+03
3.220000000000000000e+03
3.197000000000000000e+03
3.174000000000000000e+03
3.150000000000000000e+03
3.127000000000000000e+03
3.104000000000000000e+03
3.080000000000000000e+03
3.056000000000000000e+03
3.032000000000000000e+03
3.007000000000000000e+03
2.982000000000000000e+03
2.957000000000000000e+03
2.932000000000000000e+03
2.908000000000000000e+03
2.884000000000000000e+03
2.860000000000000000e+03
2.838000000000000000e+03
2.815000000000000000e+03
2.792000000000000000e+03
inf
1.803600000000000000e+04
1.279300000000000000e+04
1.150500000000000000e+04
1.074900000000000000e+04
1.021100000000000000e+04
9.792000000000000000e+03
9.450000000000000000e+03
9.159000000000000000e+03
8.907000000000000000e+03
8.683000000000000000e+03
8.483000000000000000e+03
8.301000000000000000e+03
8.135000000000000000e+03
7.981000000000000000e+03
7.839000000000000000e+03
7.706000000000000000e+03
7.581000000000000000e+03
7.463000000000000000e+03
7.352000000000000000e+03
7.246000000000000000e+03
7.146000000000000000e+03
7.050000000000000000e+03
6.958000000000000000e+03
6.870000000000000000e+03
6.785000000000000000e+03
6.704000000000000000e+03
6.626000000000000000e+03
6.550000000000000000e+03
6.477000000000000000e+03
6.406000000000000000e+03
6.337000000000000000e+03
6.271000000000000000e+03
6.206000000000000000e+03
6.143000000000000000e+03
6.082000000000000000e+03
6.022000000000000000e+03
5.963000000000000000e+03
5.907000000000000000e+03
5.851000000000000000e+03
5.796000000000000000e+03
5.743000000000000000e+03
5.691000000000000000e+03
5.640000000000000000e+03
5.590000000000000000e+03
5.541000000000000000e+03
5.493000000000000000e+03
5.445000000000000000e+03
5.399000000000000000e+03
5.353000000000000000e+03
5.308000000000000000e+03
5.264000000000000000e+03
5.220000000000000000e+03
5.177000000000000000e+03
5.135000000000000000e+03
5.093000000000000000e+03
5.052000000000000000e+03
5.012000000000000000e+03
4.972000000000000000e+03
4.932000000000000000e+03
4.893000000000000000e+03
4.855000000000000000e+03
4.816000000000000000e+03
4.779000000000000000e+03
4.741000000000000000e+03
4.704000000000000000e+03
4.668000000000000000e+03
4.632000000000000000e+03
4.596000000000000000e+03
4.560000000000000000e+03
4.525000000000000000e+03
4.490000000000000000e+03
4.456000000000000000e+03
4.422000000000000000e+03
4.388000000000000000e+03
4.354000000000000000e+03
4.320000000000000000e+03
4.287000000000000000e+03
4.254000000000000000e+03
4.221000000000000000e+03
4.188000000000000000e+03
4.156000000000000000e+03
4.124000000000000000e+03
4.092000000000000000e+03
4.060000000000000000e+03
4.028000000000000000e+03
3.996000000000000000e+03
3.965000000000000000e+03
3.933000000000000000e+03
3.902000000000000000e+03
3.871000000000000000e+03
3.840000000000000000e+03
3.809000000000000000e+03
3.778000000000000000e+03
3.747000000000000000e+03
3.716000000000000000e+03
3.786000000000000000e+03
3.736000000000000000e+03
3.732000000000000000e+03
3.705000000000000000e+03
3.696000000000000000e+03
3.696000000000000000e+03
3.695000000000000000e+03
3.694000000000000000e+03
3.693000000000000000e+03
3.692000000000000000e+03
3.691000000000000000e+03
3.689000000000000000e+03
3.688000000000000000e+03
3.686000000000000000e+03
3.684000000000000000e+03
3.682000000000000000e+03
3.680000000000000000e+03
3.659000000000000000e+03
3.634000000000000000e+03
3.609000000000000000e+03
3.585000000000000000e+03
3.560000000000000000e+03
3.536000000000000000e+03
3.512000000000000000e+03
3.488000000000000000e+03
3.464000000000000000e+03
3.440000000000000000e+03
3.417000000000000000e+03
3.393000000000000000e+03
3.369000000000000000e+03
3.346000000000000000e+03
3.323000000000000000e+03
3.299000000000000000e+03
3.276000000000000000e+03
3.253000000000000000e+03
3.230000000000000000e+03
3.207000000000000000e+03
3.184000000000000000e+03
3.160000000000000000e+03
3.137000000000000000e+03
3.114000000000000000e+03
3.091000000000000000e+03
3.067000000000000000e+03
3.044000000000000000e+03
3.020000000000000000e+03
2.996000000000000000e+03
2.971000000000000000e+03
2.946000000000000000e+03
2.921000000000000000e+03
2.897000000000000000e+03
2.873000000000000000e+03
2.849000000000000000e+03
2.826000000000000000e+03
2.803000000000000000e+03
2.780000000000000000e+03
inf
1.802900000000000000e+04
1.276300000000000000e+04
1.147700000000000000e+04
1.072200000000000000e+04
1.018500000000000000e+04
9.767000000000000000e+03
9.425000000000000000e+03
9.135000000000000000e+03
8.883000000000000000e+03
8.660000000000000000e+03
8.460000000000000000e+03
8.278000000000000000e+03
8.112000000000000000e+03
7.959000000000000000e+03
7.816000000000000000e+03
7.684000000000000000e+03
7.559000000000000000e+03
7.441000000000000000e+03
7.330000000000000000e+03
7.225000000000000000e+03
7.124000000000000000e+03
7.029000000000000000e+03
6.937000000000000000e+03
6.849000000000000000e+03
6.765000000000000000e+03
6.684000000000000000e+03
6.606000000000000000e+03
6.530000000000000000e+03
6.457000000000000000e+03
6.386000000000000000e+03
6.318000000000000000e+03
6.251000000000000000e+03
6.187000000000000000e+03
6.124000000000000000e+03
6.062000000000000000e+03
6.003000000000000000e+03
5.945000000000000000e+03
5.888000000000000000e+03
5.832000000000000000e+03
5.778000000000000000e+03
5.725000000000000000e+03
5.673000000000000000e+03
5.622000000000000000e+03
5.572000000000000000e+03
5.523000000000000000e+03
5.475000000000000000e+03
5.428000000000000000e+03
5.381000000000000000e+03
5.336000000000000000e+03
5.291000000000000000e+03
5.247000000000000000e+03
5.203000000000000000e+03
5.160000000000000000e+03
5.118000000000000000e+03
5.076000000000000000e+03
5.035000000000000000e+03
4.995000000000000000e+03
4.955000000000000000e+03
4.916000000000000000e+03
4.877000000000000000e+03
4.838000000000000000e+03
4.800000000000000000e+03
4.763000000000000000e+03
4.725000000000000000e+03
4.689000000000000000e+03
4.652000000000000000e+03
4.616000000000000000e+03
4.580000000000000000e+03
4.545000000000000000e+03
4.510000000000000000e+03
4.475000000000000000e+03
4.441000000000000000e+03
4.407000000000000000e+03
4.373000000000000000e+03
4.339000000000000000e+03
4.306000000000000000e+03
4.272000000000000000e+03
4.239000000000000000e+03
4.207000000000000000e+03
4.174000000000000000e+03
4.142000000000000000e+03
4.110000000000000000e+03
4.078000000000000000e+03
4.046000000000000000e+03
4.014000000000000000e+03
3.983000000000000000e+03
3.951000000000000000e+03
3.920000000000000000e+03
3.889000000000000000e+03
3.858000000000000000e+03
3.827000000000000000e+03
3.796000000000000000e+03
3.765000000000000000e+03
3.734000000000000000e+03
3.704000000000000000e+03
3.673000000000000000e+03
3.743000000000000000e+03
3.693000000000000000e+03
3.690000000000000000e+03
3.663000000000000000e+03
3.656000000000000000e+03
3.656000000000000000e+03
3.655000000000000000e+03
3.654000000000000000e+03
3.653000000000000000e+03
3.652000000000000000e+03
3.651000000000000000e+03
3.649000000000000000e+03
3.648000000000000000e+03
3.646000000000000000e+03
3.644000000000000000e+03
3.642000000000000000e+03
3.640000000000000000e+03
3.619000000000000000e+03
3.594000000000000000e+03
3.570000000000000000e+03
3.545000000000000000e+03
3.521000000000000000e+03
3.498000000000000000e+03
3.474000000000000000e+03
3.450000000000000000e+03
3.426000000000000000e+03
3.402000000000000000e+03
3.379000000000000000e+03
3.355000000000000000e+03
3.332000000000000000e+03
3.308000000000000000e+03
3.286000000000000000e+03
3.262000000000000000e+03
3.239000000000000000e+03
3.216000000000000000e+03
3.193000000000000000e+03
3.170000000000000000e+03
3.147000000000000000e+03
3.124000000000000000e+03
3.102000000000000000e+03
3.078000000000000000e+03
3.055000000000000000e+03
3.032000000000000000e+03
3.008000000000000000e+03
2.984000000000000000e+03
2.960000000000000000e+03
2.935000000000000000e+03
2.909000000000000000e+03
2.886000000000000000e+03
2.861000000000000000e+03
2.837000000000000000e+03
2.814000000000000000e+03
2.791000000000000000e+03
2.768000000000000000e+03
inf
1.802300000000000000e+04
1.273800000000000000e+04
1.145300000000000000e+04
1.069900000000000000e+04
1.016200000000000000e+04
9.745000000000000000e+03
9.404000000000000000e+03
9.114000000000000000e+03
8.862000000000000000e+03
8.639000000000000000e+03
8.440000000000000000e+03
8.258000000000000000e+03
8.093000000000000000e+03
7.939000000000000000e+03
7.797000000000000000e+03
7.665000000000000000e+03
7.540000000000000000e+03
7.423000000000000000e+03
7.312000000000000000e+03
7.206000000000000000e+03
7.106000000000000000e+03
7.011000000000000000e+03
6.919000000000000000e+03
6.832000000000000000e+03
6.747000000000000000e+03
6.666000000000000000e+03
6.588000000000000000e+03
6.513000000000000000e+03
6.440000000000000000e+03
6.369000000000000000e+03
6.301000000000000000e+03
6.234000000000000000e+03
6.170000000000000000e+03
6.107000000000000000e+03
6.046000000000000000e+03
5.986000000000000000e+03
5.928000000000000000e+03
5.872000000000000000e+03
5.816000000000000000e+03
5.762000000000000000e+03
5.709000000000000000e+03
5.657000000000000000e+03
5.606000000000000000e+03
5.556000000000000000e+03
5.507000000000000000e+03
5.459000000000000000e+03
5.412000000000000000e+03
5.366000000000000000e+03
5.321000000000000000e+03
5.276000000000000000e+03
5.232000000000000000e+03
5.188000000000000000e+03
5.146000000000000000e+03
5.103000000000000000e+03
5.062000000000000000e+03
5.021000000000000000e+03
4.981000000000000000e+03
4.941000000000000000e+03
4.901000000000000000e+03
4.863000000000000000e+03
4.824000000000000000e+03
4.786000000000000000e+03
4.749000000000000000e+03
4.712000000000000000e+03
4.675000000000000000e+03
4.639000000000000000e+03
4.603000000000000000e+03
4.567000000000000000e+03
4.532000000000000000e+03
4.497000000000000000e+03
4.462000000000000000e+03
4.428000000000000000e+03
4.394000000000000000e+03
4.360000000000000000e+03
4.326000000000000000e+03
4.293000000000000000e+03
4.260000000000000000e+03
4.227000000000000000e+03
4.194000000000000000e+03
4.162000000000000000e+03
4.130000000000000000e+03
4.098000000000000000e+03
4.066000000000000000e+03
4.034000000000000000e+03
4.003000000000000000e+03
3.971000000000000000e+03
3.940000000000000000e+03
3.909000000000000000e+03
3.878000000000000000e+03
3.847000000000000000e+03
3.816000000000000000e+03
3.785000000000000000e+03
3.755000000000000000e+03
3.724000000000000000e+03
3.693000000000000000e+03
3.663000000000000000e+03
3.632000000000000000e+03
3.702000000000000000e+03
3.652000000000000000e+03
3.649000000000000000e+03
3.623000000000000000e+03
3.619000000000000000e+03
3.619000000000000000e+03
3.618000000000000000e+03
3.617000000000000000e+03
3.616000000000000000e+03
3.615000000000000000e+03
3.614000000000000000e+03
3.612000000000000000e+03
3.610000000000000000e+03
3.609000000000000000e+03
3.607000000000000000e+03
3.605000000000000000e+03
3.603000000000000000e+03
3.582000000000000000e+03
3.557000000000000000e+03
3.533000000000000000e+03
3.509000000000000000e+03
3.485000000000000000e+03
3.461000000000000000e+03
3.437000000000000000e+03
3.413000000000000000e+03
3.390000000000000000e+03
3.366000000000000000e+03
3.344000000000000000e+03
3.320000000000000000e+03
3.297000000000000000e+03
3.274000000000000000e+03
3.250000000000000000e+03
3.228000000000000000e+03
3.205000000000000000e+03
3.182000000000000000e+03
3.159000000000000000e+03
3.136000000000000000e+03
3.113000000000000000e+03
3.090000000000000000e+03
3.067000000000000000e+03
3.044000000000000000e+03
3.021000000000000000e+03
2.998000000000000000e+03
2.974000000000000000e+03
2.950000000000000000e+03
2.926000000000000000e+03
2.900000000000000000e+03
2.875000000000000000e+03
2.852000000000000000e+03
2.828000000000000000e+03
2.804000000000000000e+03
2.782000000000000000e+03
2.759000000000000000e+03
inf
1.801600000000000000e+04
1.270800000000000000e+04
1.142500000000000000e+04
1.067200000000000000e+04
1.013700000000000000e+04
9.720000000000000000e+03
9.379000000000000000e+03
9.089000000000000000e+03
8.838000000000000000e+03
8.616000000000000000e+03
8.416000000000000000e+03
8.235000000000000000e+03
8.070000000000000000e+03
7.917000000000000000e+03
7.775000000000000000e+03
7.643000000000000000e+03
7.518000000000000000e+03
7.401000000000000000e+03
7.290000000000000000e+03
7.185000000000000000e+03
7.085000000000000000e+03
6.990000000000000000e+03
6.898000000000000000e+03
6.811000000000000000e+03
6.727000000000000000e+03
6.646000000000000000e+03
6.568000000000000000e+03
6.493000000000000000e+03
6.420000000000000000e+03
6.350000000000000000e+03
6.281000000000000000e+03
6.215000000000000000e+03
6.151000000000000000e+03
6.088000000000000000e+03
6.027000000000000000e+03
5.967000000000000000e+03
5.909000000000000000e+03
5.853000000000000000e+03
5.798000000000000000e+03
5.744000000000000000e+03
5.691000000000000000e+03
5.639000000000000000e+03
5.588000000000000000e+03
5.538000000000000000e+03
5.490000000000000000e+03
5.442000000000000000e+03
5.395000000000000000e+03
5.348000000000000000e+03
5.303000000000000000e+03
5.258000000000000000e+03
5.214000000000000000e+03
5.171000000000000000e+03
5.128000000000000000e+03
5.086000000000000000e+03
5.045000000000000000e+03
5.004000000000000000e+03
4.964000000000000000e+03
4.924000000000000000e+03
4.885000000000000000e+03
4.846000000000000000e+03
4.808000000000000000e+03
4.770000000000000000e+03
4.733000000000000000e+03
4.696000000000000000e+03
4.659000000000000000e+03
4.623000000000000000e+03
4.587000000000000000e+03
4.552000000000000000e+03
4.516000000000000000e+03
4.481000000000000000e+03
4.447000000000000000e+03
4.413000000000000000e+03
4.379000000000000000e+03
4.345000000000000000e+03
4.312000000000000000e+03
4.278000000000000000e+03
4.245000000000000000e+03
4.213000000000000000e+03
4.180000000000000000e+03
4.148000000000000000e+03
4.116000000000000000e+03
4.084000000000000000e+03
4.052000000000000000e+03
4.020000000000000000e+03
3.989000000000000000e+03
3.958000000000000000e+03
3.927000000000000000e+03
3.896000000000000000e+03
3.865000000000000000e+03
3.834000000000000000e+03
3.803000000000000000e+03
3.773000000000000000e+03
3.742000000000000000e+03
3.712000000000000000e+03
3.681000000000000000e+03
3.651000000000000000e+03
3.621000000000000000e+03
3.590000000000000000e+03
3.660000000000000000e+03
3.610000000000000000e+03
3.607000000000000000e+03
3.580000000000000000e+03
3.580000000000000000e+03
3.580000000000000000e+03
3.579000000000000000e+03
3.578000000000000000e+03
3.577000000000000000e+03
3.576000000000000000e+03
3.574000000000000000e+03
3.573000000000000000e+03
3.571000000000000000e+03
3.569000000000000000e+03
3.567000000000000000e+03
3.565000000000000000e+03
3.563000000000000000e+03
3.542000000000000000e+03
3.519000000000000000e+03
3.494000000000000000e+03
3.470000000000000000e+03
3.447000000000000000e+03
3.423000000000000000e+03
3.400000000000000000e+03
3.376000000000000000e+03
3.352000000000000000e+03
3.329000000000000000e+03
3.306000000000000000e+03
3.283000000000000000e+03
3.260000000000000000e+03
3.237000000000000000e+03
3.214000000000000000e+03
3.191000000000000000e+03
3.168000000000000000e+03
3.145000000000000000e+03
3.122000000000000000e+03
3.100000000000000000e+03
3.077000000000000000e+03
3.055000000000000000e+03
3.031000000000000000e+03
3.009000000000000000e+03
2.986000000000000000e+03
2.962000000000000000e+03
2.938000000000000000e+03
2.915000000000000000e+03
2.889000000000000000e+03
2.864000000000000000e+03
2.841000000000000000e+03
2.817000000000000000e+03
2.793000000000000000e+03
2.770000000000000000e+03
2.747000000000000000e+03
inf
1.801000000000000000e+04
1.268300000000000000e+04
1.140100000000000000e+04
1.064900000000000000e+04
1.011400000000000000e+04
9.698000000000000000e+03
9.358000000000000000e+03
9.069000000000000000e+03
8.818000000000000000e+03
8.596000000000000000e+03
8.396000000000000000e+03
8.216000000000000000e+03
8.050000000000000000e+03
7.898000000000000000e+03
7.756000000000000000e+03
7.624000000000000000e+03
7.500000000000000000e+03
7.383000000000000000e+03
7.272000000000000000e+03
7.167000000000000000e+03
7.067000000000000000e+03
6.972000000000000000e+03
6.881000000000000000e+03
6.793000000000000000e+03
6.709000000000000000e+03
6.629000000000000000e+03
6.551000000000000000e+03
6.476000000000000000e+03
6.403000000000000000e+03
6.333000000000000000e+03
6.265000000000000000e+03
6.198000000000000000e+03
6.134000000000000000e+03
6.071000000000000000e+03
6.011000000000000000e+03
5.951000000000000000e+03
5.893000000000000000e+03
5.837000000000000000e+03
5.782000000000000000e+03
5.728000000000000000e+03
5.675000000000000000e+03
5.623000000000000000e+03
5.573000000000000000e+03
5.523000000000000000e+03
5.474000000000000000e+03
5.426000000000000000e+03
5.379000000000000000e+03
5.333000000000000000e+03
5.288000000000000000e+03
5.243000000000000000e+03
5.200000000000000000e+03
5.156000000000000000e+03
5.114000000000000000e+03
5.072000000000000000e+03
5.031000000000000000e+03
4.990000000000000000e+03
4.950000000000000000e+03
4.910000000000000000e+03
4.871000000000000000e+03
4.832000000000000000e+03
4.794000000000000000e+03
4.756000000000000000e+03
4.719000000000000000e+03
4.682000000000000000e+03
4.646000000000000000e+03
4.609000000000000000e+03
4.574000000000000000e+03
4.538000000000000000e+03
4.503000000000000000e+03
4.468000000000000000e+03
4.434000000000000000e+03
4.400000000000000000e+03
4.366000000000000000e+03
4.332000000000000000e+03
4.299000000000000000e+03
4.266000000000000000e+03
4.233000000000000000e+03
4.200000000000000000e+03
4.168000000000000000e+03
4.136000000000000000e+03
4.104000000000000000e+03
4.072000000000000000e+03
4.040000000000000000e+03
4.009000000000000000e+03
3.978000000000000000e+03
3.946000000000000000e+03
3.915000000000000000e+03
3.884000000000000000e+03
3.854000000000000000e+03
3.823000000000000000e+03
3.792000000000000000e+03
3.762000000000000000e+03
3.731000000000000000e+03
3.701000000000000000e+03
3.671000000000000000e+03
3.641000000000000000e+03
3.611000000000000000e+03
3.580000000000000000e+03
3.550000000000000000e+03
3.620000000000000000e+03
3.570000000000000000e+03
3.567000000000000000e+03
3.564000000000000000e+03
3.543000000000000000e+03
3.543000000000000000e+03
3.542000000000000000e+03
3.541000000000000000e+03
3.540000000000000000e+03
3.539000000000000000e+03
3.538000000000000000e+03
3.536000000000000000e+03
3.534000000000000000e+03
3.533000000000000000e+03
3.531000000000000000e+03
3.529000000000000000e+03
3.526000000000000000e+03
3.506000000000000000e+03
3.482000000000000000e+03
3.458000000000000000e+03
3.434000000000000000e+03
3.411000000000000000e+03
3.387000000000000000e+03
3.363000000000000000e+03
3.340000000000000000e+03
3.317000000000000000e+03
3.294000000000000000e+03
3.271000000000000000e+03
3.248000000000000000e+03
3.225000000000000000e+03
3.202000000000000000e+03
3.180000000000000000e+03
3.157000000000000000e+03
3.135000000000000000e+03
3.112000000000000000e+03
3.089000000000000000e+03
3.066000000000000000e+03
3.043000000000000000e+03
3.021000000000000000e+03
2.998000000000000000e+03
2.975000000000000000e+03
2.952000000000000000e+03
2.929000000000000000e+03
2.905000000000000000e+03
2.881000000000000000e+03
2.856000000000000000e+03
2.831000000000000000e+03
2.808000000000000000e+03
2.784000000000000000e+03
2.760000000000000000e+03
2.738000000000000000e+03
inf
1.800400000000000000e+04
1.265700000000000000e+04
1.137700000000000000e+04
1.062600000000000000e+04
1.009200000000000000e+04
9.677000000000000000e+03
9.336000000000000000e+03
9.048000000000000000e+03
8.797000000000000000e+03
8.575000000000000000e+03
8.377000000000000000e+03
8.196000000000000000e+03
8.031000000000000000e+03
7.879000000000000000e+03
7.737000000000000000e+03
7.605000000000000000e+03
7.481000000000000000e+03
7.364000000000000000e+03
7.254000000000000000e+03
7.149000000000000000e+03
7.049000000000000000e+03
6.954000000000000000e+03
6.863000000000000000e+03
6.776000000000000000e+03
6.692000000000000000e+03
6.611000000000000000e+03
6.534000000000000000e+03
6.459000000000000000e+03
6.386000000000000000e+03
6.316000000000000000e+03
6.248000000000000000e+03
6.182000000000000000e+03
6.118000000000000000e+03
6.055000000000000000e+03
5.994000000000000000e+03
5.935000000000000000e+03
5.877000000000000000e+03
5.821000000000000000e+03
5.766000000000000000e+03
5.712000000000000000e+03
5.659000000000000000e+03
5.608000000000000000e+03
5.557000000000000000e+03
5.508000000000000000e+03
5.459000000000000000e+03
5.411000000000000000e+03
5.364000000000000000e+03
5.318000000000000000e+03
5.273000000000000000e+03
5.229000000000000000e+03
5.185000000000000000e+03
5.142000000000000000e+03
5.099000000000000000e+03
5.057000000000000000e+03
5.016000000000000000e+03
4.976000000000000000e+03
4.936000000000000000e+03
4.896000000000000000e+03
4.857000000000000000e+03
4.818000000000000000e+03
4.780000000000000000e+03
4.743000000000000000e+03
4.705000000000000000e+03
4.669000000000000000e+03
4.632000000000000000e+03
4.596000000000000000e+03
4.560000000000000000e+03
4.525000000000000000e+03
4.490000000000000000e+03
4.455000000000000000e+03
4.421000000000000000e+03
4.387000000000000000e+03
4.353000000000000000e+03
4.320000000000000000e+03
4.286000000000000000e+03
4.253000000000000000e+03
4.221000000000000000e+03
4.188000000000000000e+03
4.156000000000000000e+03
4.124000000000000000e+03
4.092000000000000000e+03
4.060000000000000000e+03
4.029000000000000000e+03
3.997000000000000000e+03
3.966000000000000000e+03
3.935000000000000000e+03
3.904000000000000000e+03
3.873000000000000000e+03
3.843000000000000000e+03
3.812000000000000000e+03
3.781000000000000000e+03
3.751000000000000000e+03
3.721000000000000000e+03
3.691000000000000000e+03
3.661000000000000000e+03
3.630000000000000000e+03
3.600000000000000000e+03
3.570000000000000000e+03
3.540000000000000000e+03
3.511000000000000000e+03
3.581000000000000000e+03
3.530000000000000000e+03
3.527000000000000000e+03
3.525000000000000000e+03
3.507000000000000000e+03
3.507000000000000000e+03
3.506000000000000000e+03
3.505000000000000000e+03
3.504000000000000000e+03
3.503000000000000000e+03
3.501000000000000000e+03
3.500000000000000000e+03
3.498000000000000000e+03
3.496000000000000000e+03
3.494000000000000000e+03
3.492000000000000000e+03
3.490000000000000000e+03
3.470000000000000000e+03
3.446000000000000000e+03
3.422000000000000000e+03
3.398000000000000000e+03
3.375000000000000000e+03
3.351000000000000000e+03
3.328000000000000000e+03
3.305000000000000000e+03
3.283000000000000000e+03
3.259000000000000000e+03
3.237000000000000000e+03
3.213000000000000000e+03
3.191000000000000000e+03
3.168000000000000000e+03
3.146000000000000000e+03
3.123000000000000000e+03
3.100000000000000000e+03
3.078000000000000000e+03
3.055000000000000000e+03
3.033000000000000000e+03
3.010000000000000000e+03
2.987000000000000000e+03
2.965000000000000000e+03
2.942000000000000000e+03
2.919000000000000000e+03
2.895000000000000000e+03
2.871000000000000000e+03
2.847000000000000000e+03
2.822000000000000000e+03
2.798000000000000000e+03
2.775000000000000000e+03
2.751000000000000000e+03
2.728000000000000000e+03
inf
1.799700000000000000e+04
1.262700000000000000e+04
1.134900000000000000e+04
1.059900000000000000e+04
1.006600000000000000e+04
9.651000000000000000e+03
9.312000000000000000e+03
9.023000000000000000e+03
8.773000000000000000e+03
8.552000000000000000e+03
8.353000000000000000e+03
8.173000000000000000e+03
8.008000000000000000e+03
7.856000000000000000e+03
7.715000000000000000e+03
7.583000000000000000e+03
7.459000000000000000e+03
7.343000000000000000e+03
7.232000000000000000e+03
7.128000000000000000e+03
7.028000000000000000e+03
6.933000000000000000e+03
6.842000000000000000e+03
6.755000000000000000e+03
6.672000000000000000e+03
6.591000000000000000e+03
6.514000000000000000e+03
6.439000000000000000e+03
6.366000000000000000e+03
6.296000000000000000e+03
6.228000000000000000e+03
6.162000000000000000e+03
6.098000000000000000e+03
6.036000000000000000e+03
5.975000000000000000e+03
5.916000000000000000e+03
5.859000000000000000e+03
5.802000000000000000e+03
5.747000000000000000e+03
5.694000000000000000e+03
5.641000000000000000e+03
5.589000000000000000e+03
5.539000000000000000e+03
5.490000000000000000e+03
5.441000000000000000e+03
5.393000000000000000e+03
5.347000000000000000e+03
5.301000000000000000e+03
5.256000000000000000e+03
5.211000000000000000e+03
5.168000000000000000e+03
5.125000000000000000e+03
5.082000000000000000e+03
5.041000000000000000e+03
5.000000000000000000e+03
4.959000000000000000e+03
4.919000000000000000e+03
4.880000000000000000e+03
4.841000000000000000e+03
4.802000000000000000e+03
4.764000000000000000e+03
4.727000000000000000e+03
4.689000000000000000e+03
4.653000000000000000e+03
4.616000000000000000e+03
4.580000000000000000e+03
4.545000000000000000e+03
4.510000000000000000e+03
4.475000000000000000e+03
4.440000000000000000e+03
4.406000000000000000e+03
4.372000000000000000e+03
4.338000000000000000e+03
4.305000000000000000e+03
4.272000000000000000e+03
4.239000000000000000e+03
4.206000000000000000e+03
4.174000000000000000e+03
4.142000000000000000e+03
4.110000000000000000e+03
4.078000000000000000e+03
4.046000000000000000e+03
4.015000000000000000e+03
3.984000000000000000e+03
3.953000000000000000e+03
3.922000000000000000e+03
3.891000000000000000e+03
3.860000000000000000e+03
3.830000000000000000e+03
3.799000000000000000e+03
3.769000000000000000e+03
3.739000000000000000e+03
3.709000000000000000e+03
3.678000000000000000e+03
3.648000000000000000e+03
3.619000000000000000e+03
3.589000000000000000e+03
3.559000000000000000e+03
3.529000000000000000e+03
3.499000000000000000e+03
3.583000000000000000e+03
3.540000000000000000e+03
3.489000000000000000e+03
3.485000000000000000e+03
3.484000000000000000e+03
3.469000000000000000e+03
3.468000000000000000e+03
3.468000000000000000e+03
3.467000000000000000e+03
3.466000000000000000e+03
3.465000000000000000e+03
3.463000000000000000e+03
3.461000000000000000e+03
3.460000000000000000e+03
3.458000000000000000e+03
3.456000000000000000e+03
3.454000000000000000e+03
3.452000000000000000e+03
3.432000000000000000e+03
3.408000000000000000e+03
3.384000000000000000e+03
3.361000000000000000e+03
3.337000000000000000e+03
3.314000000000000000e+03
3.291000000000000000e+03
3.269000000000000000e+03
3.245000000000000000e+03
3.223000000000000000e+03
3.200000000000000000e+03
3.178000000000000000e+03
3.155000000000000000e+03
3.132000000000000000e+03
3.109000000000000000e+03
3.087000000000000000e+03
3.065000000000000000e+03
3.042000000000000000e+03
3.020000000000000000e+03
2.997000000000000000e+03
2.975000000000000000e+03
2.952000000000000000e+03
2.930000000000000000e+03
2.907000000000000000e+03
2.884000000000000000e+03
2.860000000000000000e+03
2.836000000000000000e+03
2.812000000000000000e+03
2.787000000000000000e+03
2.764000000000000000e+03
2.740000000000000000e+03
2.717000000000000000e+03
inf
1.799100000000000000e+04
1.260200000000000000e+04
1.132500000000000000e+04
1.057700000000000000e+04
1.004400000000000000e+04
9.630000000000000000e+03
9.290000000000000000e+03
9.003000000000000000e+03
8.753000000000000000e+03
8.532000000000000000e+03
8.333000000000000000e+03
8.154000000000000000e+03
7.989000000000000000e+03
7.837000000000000000e+03
7.696000000000000000e+03
7.564000000000000000e+03
7.441000000000000000e+03
7.324000000000000000e+03
7.214000000000000000e+03
7.110000000000000000e+03
7.010000000000000000e+03
6.915000000000000000e+03
6.825000000000000000e+03
6.738000000000000000e+03
6.654000000000000000e+03
6.574000000000000000e+03
6.497000000000000000e+03
6.422000000000000000e+03
6.349000000000000000e+03
6.279000000000000000e+03
6.212000000000000000e+03
6.146000000000000000e+03
6.082000000000000000e+03
6.020000000000000000e+03
5.959000000000000000e+03
5.900000000000000000e+03
5.843000000000000000e+03
5.786000000000000000e+03
5.731000000000000000e+03
5.678000000000000000e+03
5.625000000000000000e+03
5.574000000000000000e+03
5.524000000000000000e+03
5.474000000000000000e+03
5.426000000000000000e+03
5.378000000000000000e+03
5.332000000000000000e+03
5.286000000000000000e+03
5.241000000000000000e+03
5.197000000000000000e+03
5.153000000000000000e+03
5.110000000000000000e+03
5.068000000000000000e+03
5.026000000000000000e+03
4.985000000000000000e+03
4.945000000000000000e+03
4.905000000000000000e+03
4.866000000000000000e+03
4.827000000000000000e+03
4.788000000000000000e+03
4.750000000000000000e+03
4.713000000000000000e+03
4.676000000000000000e+03
4.639000000000000000e+03
4.603000000000000000e+03
4.567000000000000000e+03
4.532000000000000000e+03
4.497000000000000000e+03
4.462000000000000000e+03
4.427000000000000000e+03
4.393000000000000000e+03
4.359000000000000000e+03
4.326000000000000000e+03
4.292000000000000000e+03
4.259000000000000000e+03
4.227000000000000000e+03
4.194000000000000000e+03
4.162000000000000000e+03
4.130000000000000000e+03
4.098000000000000000e+03
4.066000000000000000e+03
4.035000000000000000e+03
4.003000000000000000e+03
3.972000000000000000e+03
3.941000000000000000e+03
3.910000000000000000e+03
3.880000000000000000e+03
3.849000000000000000e+03
3.819000000000000000e+03
3.788000000000000000e+03
3.758000000000000000e+03
3.728000000000000000e+03
3.698000000000000000e+03
3.668000000000000000e+03
3.638000000000000000e+03
3.608000000000000000e+03
3.579000000000000000e+03
3.549000000000000000e+03
3.519000000000000000e+03
3.490000000000000000e+03
3.460000000000000000e+03
3.545000000000000000e+03
3.500000000000000000e+03
3.450000000000000000e+03
3.447000000000000000e+03
3.445000000000000000e+03
3.433000000000000000e+03
3.433000000000000000e+03
3.432000000000000000e+03
3.431000000000000000e+03
3.430000000000000000e+03
3.429000000000000000e+03
3.427000000000000000e+03
3.426000000000000000e+03
3.424000000000000000e+03
3.422000000000000000e+03
3.420000000000000000e+03
3.418000000000000000e+03
3.416000000000000000e+03
3.396000000000000000e+03
3.372000000000000000e+03
3.349000000000000000e+03
3.326000000000000000e+03
3.302000000000000000e+03
3.280000000000000000e+03
3.257000000000000000e+03
3.233000000000000000e+03
3.211000000000000000e+03
3.188000000000000000e+03
3.166000000000000000e+03
3.143000000000000000e+03
3.121000000000000000e+03
3.099000000000000000e+03
3.076000000000000000e+03
3.054000000000000000e+03
3.032000000000000000e+03
3.009000000000000000e+03
2.986000000000000000e+03
2.964000000000000000e+03
2.942000000000000000e+03
2.919000000000000000e+03
2.897000000000000000e+03
2.874000000000000000e+03
2.851000000000000000e+03
2.827000000000000000e+03
2.803000000000000000e+03
2.779000000000000000e+03
2.754000000000000000e+03
2.731000000000000000e+03
2.708000000000000000e+03
inf
1.798500000000000000e+04
1.257600000000000000e+04
1.130100000000000000e+04
1.055400000000000000e+04
1.002200000000000000e+04
9.608000000000000000e+03
9.269000000000000000e+03
8.982000000000000000e+03
8.732000000000000000e+03
8.512000000000000000e+03
8.314000000000000000e+03
8.134000000000000000e+03
7.970000000000000000e+03
7.818000000000000000e+03
7.677000000000000000e+03
7.545000000000000000e+03
7.422000000000000000e+03
7.306000000000000000e+03
7.196000000000000000e+03
7.092000000000000000e+03
6.992000000000000000e+03
6.898000000000000000e+03
6.807000000000000000e+03
6.720000000000000000e+03
6.637000000000000000e+03
6.557000000000000000e+03
6.479000000000000000e+03
6.405000000000000000e+03
6.333000000000000000e+03
6.263000000000000000e+03
6.195000000000000000e+03
6.129000000000000000e+03
6.065000000000000000e+03
6.003000000000000000e+03
5.943000000000000000e+03
5.884000000000000000e+03
5.827000000000000000e+03
5.770000000000000000e+03
5.716000000000000000e+03
5.662000000000000000e+03
5.610000000000000000e+03
5.558000000000000000e+03
5.508000000000000000e+03
5.459000000000000000e+03
5.411000000000000000e+03
5.363000000000000000e+03
5.317000000000000000e+03
5.271000000000000000e+03
5.226000000000000000e+03
5.182000000000000000e+03
5.138000000000000000e+03
5.096000000000000000e+03
5.053000000000000000e+03
5.012000000000000000e+03
4.971000000000000000e+03
4.931000000000000000e+03
4.891000000000000000e+03
4.852000000000000000e+03
4.813000000000000000e+03
4.774000000000000000e+03
4.737000000000000000e+03
4.699000000000000000e+03
4.662000000000000000e+03
4.626000000000000000e+03
4.590000000000000000e+03
4.554000000000000000e+03
4.519000000000000000e+03
4.483000000000000000e+03
4.449000000000000000e+03
4.414000000000000000e+03
4.380000000000000000e+03
4.347000000000000000e+03
4.313000000000000000e+03
4.280000000000000000e+03
4.247000000000000000e+03
4.214000000000000000e+03
4.182000000000000000e+03
4.150000000000000000e+03
4.118000000000000000e+03
4.086000000000000000e+03
4.054000000000000000e+03
4.023000000000000000e+03
3.992000000000000000e+03
3.961000000000000000e+03
3.930000000000000000e+03
3.899000000000000000e+03
3.868000000000000000e+03
3.838000000000000000e+03
3.808000000000000000e+03
3.777000000000000000e+03
3.747000000000000000e+03
3.717000000000000000e+03
3.688000000000000000e+03
3.658000000000000000e+03
3.628000000000000000e+03
3.598000000000000000e+03
3.569000000000000000e+03
3.539000000000000000e+03
3.510000000000000000e+03
3.480000000000000000e+03
3.451000000000000000e+03
3.421000000000000000e+03
3.507000000000000000e+03
3.461000000000000000e+03
3.411000000000000000e+03
3.408000000000000000e+03
3.407000000000000000e+03
3.398000000000000000e+03
3.397000000000000000e+03
3.397000000000000000e+03
3.396000000000000000e+03
3.395000000000000000e+03
3.393000000000000000e+03
3.392000000000000000e+03
3.390000000000000000e+03
3.388000000000000000e+03
3.386000000000000000e+03
3.384000000000000000e+03
3.382000000000000000e+03
3.380000000000000000e+03
3.361000000000000000e+03
3.337000000000000000e+03
3.314000000000000000e+03
3.291000000000000000e+03
3.268000000000000000e+03
3.245000000000000000e+03
3.222000000000000000e+03
3.200000000000000000e+03
3.177000000000000000e+03
3.155000000000000000e+03
3.132000000000000000e+03
3.110000000000000000e+03
3.088000000000000000e+03
3.065000000000000000e+03
3.043000000000000000e+03
3.021000000000000000e+03
2.998000000000000000e+03
2.976000000000000000e+03
2.954000000000000000e+03
2.931000000000000000e+03
2.909000000000000000e+03
2.886000000000000000e+03
2.864000000000000000e+03
2.841000000000000000e+03
2.818000000000000000e+03
2.794000000000000000e+03
2.769000000000000000e+03
2.746000000000000000e+03
2.722000000000000000e+03
2.699000000000000000e+03
inf
1.797900000000000000e+04
1.255100000000000000e+04
1.127800000000000000e+04
1.053100000000000000e+04
1.000000000000000000e+04
9.587000000000000000e+03
9.248000000000000000e+03
8.961000000000000000e+03
8.712000000000000000e+03
8.492000000000000000e+03
8.294000000000000000e+03
8.114000000000000000e+03
7.950000000000000000e+03
7.799000000000000000e+03
7.658000000000000000e+03
7.527000000000000000e+03
7.404000000000000000e+03
7.288000000000000000e+03
7.178000000000000000e+03
7.074000000000000000e+03
6.975000000000000000e+03
6.880000000000000000e+03
6.790000000000000000e+03
6.703000000000000000e+03
6.620000000000000000e+03
6.540000000000000000e+03
6.462000000000000000e+03
6.388000000000000000e+03
6.316000000000000000e+03
6.246000000000000000e+03
6.178000000000000000e+03
6.113000000000000000e+03
6.049000000000000000e+03
5.987000000000000000e+03
5.927000000000000000e+03
5.868000000000000000e+03
5.811000000000000000e+03
5.755000000000000000e+03
5.700000000000000000e+03
5.647000000000000000e+03
5.594000000000000000e+03
5.543000000000000000e+03
5.493000000000000000e+03
5.444000000000000000e+03
5.396000000000000000e+03
5.348000000000000000e+03
5.302000000000000000e+03
5.256000000000000000e+03
5.211000000000000000e+03
5.167000000000000000e+03
5.124000000000000000e+03
5.081000000000000000e+03
5.039000000000000000e+03
4.998000000000000000e+03
4.957000000000000000e+03
4.916000000000000000e+03
4.877000000000000000e+03
4.838000000000000000e+03
4.799000000000000000e+03
4.761000000000000000e+03
4.723000000000000000e+03
4.686000000000000000e+03
4.649000000000000000e+03
4.612000000000000000e+03
4.576000000000000000e+03
4.541000000000000000e+03
4.505000000000000000e+03
4.470000000000000000e+03
4.436000000000000000e+03
4.402000000000000000e+03
4.368000000000000000e+03
4.334000000000000000e+03
4.301000000000000000e+03
4.267000000000000000e+03
4.235000000000000000e+03
4.202000000000000000e+03
4.170000000000000000e+03
4.138000000000000000e+03
4.106000000000000000e+03
4.074000000000000000e+03
4.042000000000000000e+03
4.011000000000000000e+03
3.980000000000000000e+03
3.949000000000000000e+03
3.918000000000000000e+03
3.888000000000000000e+03
3.857000000000000000e+03
3.827000000000000000e+03
3.797000000000000000e+03
3.767000000000000000e+03
3.737000000000000000e+03
3.707000000000000000e+03
3.677000000000000000e+03
3.647000000000000000e+03
3.618000000000000000e+03
3.588000000000000000e+03
3.559000000000000000e+03
3.529000000000000000e+03
3.500000000000000000e+03
3.471000000000000000e+03
3.441000000000000000e+03
3.412000000000000000e+03
3.383000000000000000e+03
3.469000000000000000e+03
3.423000000000000000e+03
3.373000000000000000e+03
3.370000000000000000e+03
3.369000000000000000e+03
3.363000000000000000e+03
3.362000000000000000e+03
3.362000000000000000e+03
3.361000000000000000e+03
3.359000000000000000e+03
3.358000000000000000e+03
3.357000000000000000e+03
3.355000000000000000e+03
3.353000000000000000e+03
3.351000000000000000e+03
3.349000000000000000e+03
3.347000000000000000e+03
3.345000000000000000e+03
3.325000000000000000e+03
3.302000000000000000e+03
3.279000000000000000e+03
3.256000000000000000e+03
3.233000000000000000e+03
3.210000000000000000e+03
3.188000000000000000e+03
3.165000000000000000e+03
3.143000000000000000e+03
3.120000000000000000e+03
3.099000000000000000e+03
3.076000000000000000e+03
3.054000000000000000e+03
3.032000000000000000e+03
3.009000000000000000e+03
2.987000000000000000e+03
2.965000000000000000e+03
2.943000000000000000e+03
2.921000000000000000e+03
2.899000000000000000e+03
2.877000000000000000e+03
2.854000000000000000e+03
2.832000000000000000e+03
2.808000000000000000e+03
2.786000000000000000e+03
2.761000000000000000e+03
2.737000000000000000e+03
2.714000000000000000e+03
2.690000000000000000e+03
inf
1.797200000000000000e+04
1.252100000000000000e+04
1.125000000000000000e+04
1.050400000000000000e+04
9.974000000000000000e+03
9.561000000000000000e+03
9.223000000000000000e+03
8.937000000000000000e+03
8.688000000000000000e+03
8.468000000000000000e+03
8.271000000000000000e+03
8.092000000000000000e+03
7.928000000000000000e+03
7.777000000000000000e+03
7.636000000000000000e+03
7.505000000000000000e+03
7.382000000000000000e+03
7.266000000000000000e+03
7.157000000000000000e+03
7.053000000000000000e+03
6.954000000000000000e+03
6.859000000000000000e+03
6.769000000000000000e+03
6.683000000000000000e+03
6.600000000000000000e+03
6.520000000000000000e+03
6.443000000000000000e+03
6.368000000000000000e+03
6.296000000000000000e+03
6.227000000000000000e+03
6.159000000000000000e+03
6.094000000000000000e+03
6.030000000000000000e+03
5.968000000000000000e+03
5.908000000000000000e+03
5.849000000000000000e+03
5.792000000000000000e+03
5.736000000000000000e+03
5.682000000000000000e+03
5.628000000000000000e+03
5.576000000000000000e+03
5.525000000000000000e+03
5.475000000000000000e+03
5.426000000000000000e+03
5.378000000000000000e+03
5.331000000000000000e+03
5.284000000000000000e+03
5.239000000000000000e+03
5.194000000000000000e+03
5.150000000000000000e+03
5.107000000000000000e+03
5.064000000000000000e+03
5.022000000000000000e+03
4.981000000000000000e+03
4.940000000000000000e+03
4.900000000000000000e+03
4.860000000000000000e+03
4.821000000000000000e+03
4.783000000000000000e+03
4.745000000000000000e+03
4.707000000000000000e+03
4.670000000000000000e+03
4.633000000000000000e+03
4.597000000000000000e+03
4.561000000000000000e+03
4.525000000000000000e+03
4.490000000000000000e+03
4.455000000000000000e+03
4.421000000000000000e+03
4.387000000000000000e+03
4.353000000000000000e+03
4.319000000000000000e+03
4.286000000000000000e+03
4.253000000000000000e+03
4.220000000000000000e+03
4.188000000000000000e+03
4.155000000000000000e+03
4.123000000000000000e+03
4.092000000000000000e+03
4.060000000000000000e+03
4.029000000000000000e+03
3.998000000000000000e+03
3.967000000000000000e+03
3.936000000000000000e+03
3.905000000000000000e+03
3.875000000000000000e+03
3.844000000000000000e+03
3.814000000000000000e+03
3.784000000000000000e+03
3.754000000000000000e+03
3.724000000000000000e+03
3.694000000000000000e+03
3.665000000000000000e+03
3.635000000000000000e+03
3.606000000000000000e+03
3.576000000000000000e+03
3.547000000000000000e+03
3.518000000000000000e+03
3.489000000000000000e+03
3.459000000000000000e+03
3.430000000000000000e+03
3.401000000000000000e+03
3.372000000000000000e+03
3.343000000000000000e+03
3.429000000000000000e+03
3.383000000000000000e+03
3.333000000000000000e+03
3.331000000000000000e+03
3.329000000000000000e+03
3.326000000000000000e+03
3.325000000000000000e+03
3.325000000000000000e+03
3.324000000000000000e+03
3.323000000000000000e+03
3.321000000000000000e+03
3.320000000000000000e+03
3.318000000000000000e+03
3.316000000000000000e+03
3.314000000000000000e+03
3.312000000000000000e+03
3.310000000000000000e+03
3.308000000000000000e+03
3.288000000000000000e+03
3.265000000000000000e+03
3.242000000000000000e+03
3.219000000000000000e+03
3.197000000000000000e+03
3.175000000000000000e+03
3.152000000000000000e+03
3.130000000000000000e+03
3.107000000000000000e+03
3.086000000000000000e+03
3.063000000000000000e+03
3.041000000000000000e+03
3.019000000000000000e+03
2.997000000000000000e+03
2.975000000000000000e+03
2.953000000000000000e+03
2.931000000000000000e+03
2.909000000000000000e+03
2.887000000000000000e+03
2.865000000000000000e+03
2.842000000000000000e+03
2.820000000000000000e+03
2.798000000000000000e+03
2.774000000000000000e+03
2.751000000000000000e+03
2.727000000000000000e+03
2.703000000000000000e+03
2.680000000000000000e+03
inf
1.796600000000000000e+04
1.249500000000000000e+04
1.122600000000000000e+04
1.048100000000000000e+04
9.952000000000000000e+03
9.540000000000000000e+03
9.202000000000000000e+03
8.916000000000000000e+03
8.668000000000000000e+03
8.448000000000000000e+03
8.251000000000000000e+03
8.072000000000000000e+03
7.908000000000000000e+03
7.757000000000000000e+03
7.617000000000000000e+03
7.486000000000000000e+03
7.364000000000000000e+03
7.248000000000000000e+03
7.138000000000000000e+03
7.035000000000000000e+03
6.936000000000000000e+03
6.842000000000000000e+03
6.752000000000000000e+03
6.665000000000000000e+03
6.582000000000000000e+03
6.502000000000000000e+03
6.426000000000000000e+03
6.351000000000000000e+03
6.280000000000000000e+03
6.210000000000000000e+03
6.143000000000000000e+03
6.077000000000000000e+03
6.014000000000000000e+03
5.952000000000000000e+03
5.892000000000000000e+03
5.833000000000000000e+03
5.776000000000000000e+03
5.720000000000000000e+03
5.666000000000000000e+03
5.613000000000000000e+03
5.561000000000000000e+03
5.510000000000000000e+03
5.460000000000000000e+03
5.411000000000000000e+03
5.363000000000000000e+03
5.316000000000000000e+03
5.269000000000000000e+03
5.224000000000000000e+03
5.179000000000000000e+03
5.135000000000000000e+03
5.092000000000000000e+03
5.050000000000000000e+03
5.008000000000000000e+03
4.967000000000000000e+03
4.926000000000000000e+03
4.886000000000000000e+03
4.846000000000000000e+03
4.807000000000000000e+03
4.769000000000000000e+03
4.731000000000000000e+03
4.693000000000000000e+03
4.656000000000000000e+03
4.620000000000000000e+03
4.583000000000000000e+03
4.548000000000000000e+03
4.512000000000000000e+03
4.477000000000000000e+03
4.442000000000000000e+03
4.408000000000000000e+03
4.374000000000000000e+03
4.340000000000000000e+03
4.307000000000000000e+03
4.273000000000000000e+03
4.240000000000000000e+03
4.208000000000000000e+03
4.175000000000000000e+03
4.143000000000000000e+03
4.111000000000000000e+03
4.080000000000000000e+03
4.048000000000000000e+03
4.017000000000000000e+03
3.986000000000000000e+03
3.955000000000000000e+03
3.924000000000000000e+03
3.894000000000000000e+03
3.863000000000000000e+03
3.833000000000000000e+03
3.803000000000000000e+03
3.773000000000000000e+03
3.743000000000000000e+03
3.714000000000000000e+03
3.684000000000000000e+03
3.654000000000000000e+03
3.625000000000000000e+03
3.596000000000000000e+03
3.566000000000000000e+03
3.537000000000000000e+03
3.508000000000000000e+03
3.479000000000000000e+03
3.450000000000000000e+03
3.421000000000000000e+03
3.392000000000000000e+03
3.363000000000000000e+03
3.334000000000000000e+03
3.305000000000000000e+03
3.391000000000000000e+03
3.346000000000000000e+03
3.296000000000000000e+03
3.293000000000000000e+03
3.312000000000000000e+03
3.291000000000000000e+03
3.291000000000000000e+03
3.290000000000000000e+03
3.289000000000000000e+03
3.288000000000000000e+03
3.287000000000000000e+03
3.285000000000000000e+03
3.283000000000000000e+03
3.281000000000000000e+03
3.279000000000000000e+03
3.277000000000000000e+03
3.275000000000000000e+03
3.273000000000000000e+03
3.253000000000000000e+03
3.231000000000000000e+03
3.208000000000000000e+03
3.186000000000000000e+03
3.164000000000000000e+03
3.140000000000000000e+03
3.119000000000000000e+03
3.096000000000000000e+03
3.074000000000000000e+03
3.052000000000000000e+03
3.030000000000000000e+03
3.008000000000000000e+03
2.987000000000000000e+03
2.965000000000000000e+03
2.943000000000000000e+03
2.921000000000000000e+03
2.898000000000000000e+03
2.877000000000000000e+03
2.855000000000000000e+03
2.832000000000000000e+03
2.810000000000000000e+03
2.788000000000000000e+03
2.765000000000000000e+03
2.742000000000000000e+03
2.719000000000000000e+03
2.695000000000000000e+03
2.671000000000000000e+03
inf
1.796000000000000000e+04
1.247000000000000000e+04
1.120200000000000000e+04
1.045900000000000000e+04
9.930000000000000000e+03
9.518000000000000000e+03
9.181000000000000000e+03
8.896000000000000000e+03
8.648000000000000000e+03
8.428000000000000000e+03
8.231000000000000000e+03
8.053000000000000000e+03
7.889000000000000000e+03
7.738000000000000000e+03
7.598000000000000000e+03
7.468000000000000000e+03
7.345000000000000000e+03
7.230000000000000000e+03
7.120000000000000000e+03
7.017000000000000000e+03
6.918000000000000000e+03
6.824000000000000000e+03
6.734000000000000000e+03
6.648000000000000000e+03
6.565000000000000000e+03
6.485000000000000000e+03
6.409000000000000000e+03
6.334000000000000000e+03
6.263000000000000000e+03
6.193000000000000000e+03
6.126000000000000000e+03
6.061000000000000000e+03
5.998000000000000000e+03
5.936000000000000000e+03
5.876000000000000000e+03
5.817000000000000000e+03
5.760000000000000000e+03
5.705000000000000000e+03
5.650000000000000000e+03
5.597000000000000000e+03
5.545000000000000000e+03
5.494000000000000000e+03
5.445000000000000000e+03
5.396000000000000000e+03
5.348000000000000000e+03
5.301000000000000000e+03
5.255000000000000000e+03
5.209000000000000000e+03
5.165000000000000000e+03
5.121000000000000000e+03
5.078000000000000000e+03
5.035000000000000000e+03
4.994000000000000000e+03
4.952000000000000000e+03
4.912000000000000000e+03
4.872000000000000000e+03
4.833000000000000000e+03
4.794000000000000000e+03
4.755000000000000000e+03
4.717000000000000000e+03
4.680000000000000000e+03
4.643000000000000000e+03
4.606000000000000000e+03
4.570000000000000000e+03
4.534000000000000000e+03
4.499000000000000000e+03
4.464000000000000000e+03
4.429000000000000000e+03
4.395000000000000000e+03
4.361000000000000000e+03
4.327000000000000000e+03
4.294000000000000000e+03
4.261000000000000000e+03
4.228000000000000000e+03
4.196000000000000000e+03
4.163000000000000000e+03
4.131000000000000000e+03
4.099000000000000000e+03
4.068000000000000000e+03
4.036000000000000000e+03
4.005000000000000000e+03
3.974000000000000000e+03
3.944000000000000000e+03
3.913000000000000000e+03
3.883000000000000000e+03
3.852000000000000000e+03
3.822000000000000000e+03
3.792000000000000000e+03
3.762000000000000000e+03
3.733000000000000000e+03
3.703000000000000000e+03
3.673000000000000000e+03
3.644000000000000000e+03
3.615000000000000000e+03
3.586000000000000000e+03
3.556000000000000000e+03
3.527000000000000000e+03
3.498000000000000000e+03
3.469000000000000000e+03
3.440000000000000000e+03
3.412000000000000000e+03
3.383000000000000000e+03
3.354000000000000000e+03
3.325000000000000000e+03
3.296000000000000000e+03
3.267000000000000000e+03
3.354000000000000000e+03
3.307000000000000000e+03
3.321000000000000000e+03
3.299000000000000000e+03
3.276000000000000000e+03
3.257000000000000000e+03
3.257000000000000000e+03
3.256000000000000000e+03
3.255000000000000000e+03
3.254000000000000000e+03
3.252000000000000000e+03
3.251000000000000000e+03
3.249000000000000000e+03
3.247000000000000000e+03
3.245000000000000000e+03
3.243000000000000000e+03
3.241000000000000000e+03
3.239000000000000000e+03
3.219000000000000000e+03
3.197000000000000000e+03
3.175000000000000000e+03
3.152000000000000000e+03
3.129000000000000000e+03
3.108000000000000000e+03
3.085000000000000000e+03
3.063000000000000000e+03
3.041000000000000000e+03
3.019000000000000000e+03
2.998000000000000000e+03
2.976000000000000000e+03
2.954000000000000000e+03
2.932000000000000000e+03
2.910000000000000000e+03
2.889000000000000000e+03
2.866000000000000000e+03
2.844000000000000000e+03
2.823000000000000000e+03
2.800000000000000000e+03
2.779000000000000000e+03
2.756000000000000000e+03
2.734000000000000000e+03
2.710000000000000000e+03
2.686000000000000000e+03
2.663000000000000000e+03
inf
1.795400000000000000e+04
1.244400000000000000e+04
1.117800000000000000e+04
1.043600000000000000e+04
9.908000000000000000e+03
9.497000000000000000e+03
9.160000000000000000e+03
8.875000000000000000e+03
8.627000000000000000e+03
8.408000000000000000e+03
8.212000000000000000e+03
8.033000000000000000e+03
7.870000000000000000e+03
7.719000000000000000e+03
7.580000000000000000e+03
7.449000000000000000e+03
7.327000000000000000e+03
7.211000000000000000e+03
7.102000000000000000e+03
6.999000000000000000e+03
6.900000000000000000e+03
6.806000000000000000e+03
6.717000000000000000e+03
6.631000000000000000e+03
6.548000000000000000e+03
6.468000000000000000e+03
6.392000000000000000e+03
6.318000000000000000e+03
6.246000000000000000e+03
6.177000000000000000e+03
6.110000000000000000e+03
6.045000000000000000e+03
5.981000000000000000e+03
5.920000000000000000e+03
5.860000000000000000e+03
5.802000000000000000e+03
5.745000000000000000e+03
5.689000000000000000e+03
5.635000000000000000e+03
5.582000000000000000e+03
5.530000000000000000e+03
5.479000000000000000e+03
5.429000000000000000e+03
5.381000000000000000e+03
5.333000000000000000e+03
5.286000000000000000e+03
5.240000000000000000e+03
5.195000000000000000e+03
5.150000000000000000e+03
5.106000000000000000e+03
5.063000000000000000e+03
5.021000000000000000e+03
4.979000000000000000e+03
4.938000000000000000e+03
4.898000000000000000e+03
4.858000000000000000e+03
4.819000000000000000e+03
4.780000000000000000e+03
4.742000000000000000e+03
4.704000000000000000e+03
4.666000000000000000e+03
4.629000000000000000e+03
4.593000000000000000e+03
4.557000000000000000e+03
4.521000000000000000e+03
4.486000000000000000e+03
4.451000000000000000e+03
4.416000000000000000e+03
4.382000000000000000e+03
4.348000000000000000e+03
4.315000000000000000e+03
4.281000000000000000e+03
4.248000000000000000e+03
4.216000000000000000e+03
4.183000000000000000e+03
4.151000000000000000e+03
4.119000000000000000e+03
4.087000000000000000e+03
4.056000000000000000e+03
4.025000000000000000e+03
3.994000000000000000e+03
3.963000000000000000e+03
3.932000000000000000e+03
3.902000000000000000e+03
3.871000000000000000e+03
3.841000000000000000e+03
3.811000000000000000e+03
3.781000000000000000e+03
3.751000000000000000e+03
3.722000000000000000e+03
3.692000000000000000e+03
3.663000000000000000e+03
3.634000000000000000e+03
3.605000000000000000e+03
3.575000000000000000e+03
3.546000000000000000e+03
3.517000000000000000e+03
3.489000000000000000e+03
3.460000000000000000e+03
3.431000000000000000e+03
3.402000000000000000e+03
3.373000000000000000e+03
3.345000000000000000e+03
3.316000000000000000e+03
3.287000000000000000e+03
3.259000000000000000e+03
3.230000000000000000e+03
3.316000000000000000e+03
3.270000000000000000e+03
3.285000000000000000e+03
3.262000000000000000e+03
3.240000000000000000e+03
3.223000000000000000e+03
3.223000000000000000e+03
3.222000000000000000e+03
3.221000000000000000e+03
3.220000000000000000e+03
3.218000000000000000e+03
3.217000000000000000e+03
3.215000000000000000e+03
3.213000000000000000e+03
3.211000000000000000e+03
3.209000000000000000e+03
3.207000000000000000e+03
3.204000000000000000e+03
3.185000000000000000e+03
3.162000000000000000e+03
3.140000000000000000e+03
3.118000000000000000e+03
3.096000000000000000e+03
3.074000000000000000e+03
3.052000000000000000e+03
3.030000000000000000e+03
3.008000000000000000e+03
2.987000000000000000e+03
2.965000000000000000e+03
2.943000000000000000e+03
2.921000000000000000e+03
2.900000000000000000e+03
2.878000000000000000e+03
2.856000000000000000e+03
2.834000000000000000e+03
2.813000000000000000e+03
2.791000000000000000e+03
2.769000000000000000e+03
2.747000000000000000e+03
2.724000000000000000e+03
2.701000000000000000e+03
2.678000000000000000e+03
2.654000000000000000e+03
inf
1.794800000000000000e+04
1.241900000000000000e+04
1.115500000000000000e+04
1.041300000000000000e+04
9.886000000000000000e+03
9.475000000000000000e+03
9.139000000000000000e+03
8.854000000000000000e+03
8.607000000000000000e+03
8.388000000000000000e+03
8.192000000000000000e+03
8.014000000000000000e+03
7.851000000000000000e+03
7.701000000000000000e+03
7.561000000000000000e+03
7.431000000000000000e+03
7.308000000000000000e+03
7.193000000000000000e+03
7.084000000000000000e+03
6.981000000000000000e+03
6.883000000000000000e+03
6.789000000000000000e+03
6.699000000000000000e+03
6.613000000000000000e+03
6.531000000000000000e+03
6.451000000000000000e+03
6.375000000000000000e+03
6.301000000000000000e+03
6.230000000000000000e+03
6.160000000000000000e+03
6.093000000000000000e+03
6.028000000000000000e+03
5.965000000000000000e+03
5.904000000000000000e+03
5.844000000000000000e+03
5.786000000000000000e+03
5.729000000000000000e+03
5.673000000000000000e+03
5.619000000000000000e+03
5.566000000000000000e+03
5.515000000000000000e+03
5.464000000000000000e+03
5.414000000000000000e+03
5.366000000000000000e+03
5.318000000000000000e+03
5.271000000000000000e+03
5.225000000000000000e+03
5.180000000000000000e+03
5.136000000000000000e+03
5.092000000000000000e+03
5.049000000000000000e+03
5.007000000000000000e+03
4.965000000000000000e+03
4.924000000000000000e+03
4.884000000000000000e+03
4.844000000000000000e+03
4.805000000000000000e+03
4.766000000000000000e+03
4.728000000000000000e+03
4.690000000000000000e+03
4.653000000000000000e+03
4.616000000000000000e+03
4.580000000000000000e+03
4.544000000000000000e+03
4.508000000000000000e+03
4.473000000000000000e+03
4.438000000000000000e+03
4.404000000000000000e+03
4.369000000000000000e+03
4.336000000000000000e+03
4.302000000000000000e+03
4.269000000000000000e+03
4.236000000000000000e+03
4.203000000000000000e+03
4.171000000000000000e+03
4.139000000000000000e+03
4.107000000000000000e+03
4.076000000000000000e+03
4.044000000000000000e+03
4.013000000000000000e+03
3.982000000000000000e+03
3.951000000000000000e+03
3.921000000000000000e+03
3.890000000000000000e+03
3.860000000000000000e+03
3.830000000000000000e+03
3.800000000000000000e+03
3.770000000000000000e+03
3.741000000000000000e+03
3.711000000000000000e+03
3.682000000000000000e+03
3.653000000000000000e+03
3.623000000000000000e+03
3.594000000000000000e+03
3.565000000000000000e+03
3.536000000000000000e+03
3.508000000000000000e+03
3.479000000000000000e+03
3.450000000000000000e+03
3.422000000000000000e+03
3.393000000000000000e+03
3.364000000000000000e+03
3.336000000000000000e+03
3.307000000000000000e+03
3.279000000000000000e+03
3.250000000000000000e+03
3.221000000000000000e+03
3.317000000000000000e+03
3.279000000000000000e+03
3.234000000000000000e+03
3.249000000000000000e+03
3.226000000000000000e+03
3.201000000000000000e+03
3.189000000000000000e+03
3.189000000000000000e+03
3.188000000000000000e+03
3.187000000000000000e+03
3.186000000000000000e+03
3.184000000000000000e+03
3.183000000000000000e+03
3.181000000000000000e+03
3.179000000000000000e+03
3.177000000000000000e+03
3.175000000000000000e+03
3.173000000000000000e+03
3.171000000000000000e+03
3.152000000000000000e+03
3.129000000000000000e+03
3.107000000000000000e+03
3.085000000000000000e+03
3.063000000000000000e+03
3.041000000000000000e+03
3.019000000000000000e+03
2.997000000000000000e+03
2.976000000000000000e+03
2.954000000000000000e+03
2.932000000000000000e+03
2.911000000000000000e+03
2.889000000000000000e+03
2.868000000000000000e+03
2.846000000000000000e+03
2.825000000000000000e+03
2.802000000000000000e+03
2.781000000000000000e+03
2.759000000000000000e+03
2.737000000000000000e+03
2.715000000000000000e+03
2.693000000000000000e+03
2.669000000000000000e+03
2.646000000000000000e+03
inf
1.794200000000000000e+04
1.239300000000000000e+04
1.113100000000000000e+04
1.039000000000000000e+04
9.863000000000000000e+03
9.454000000000000000e+03
9.118000000000000000e+03
8.834000000000000000e+03
8.587000000000000000e+03
8.368000000000000000e+03
8.172000000000000000e+03
7.994000000000000000e+03
7.832000000000000000e+03
7.682000000000000000e+03
7.542000000000000000e+03
7.412000000000000000e+03
7.290000000000000000e+03
7.175000000000000000e+03
7.066000000000000000e+03
6.963000000000000000e+03
6.865000000000000000e+03
6.771000000000000000e+03
6.682000000000000000e+03
6.596000000000000000e+03
6.514000000000000000e+03
6.434000000000000000e+03
6.358000000000000000e+03
6.284000000000000000e+03
6.213000000000000000e+03
6.144000000000000000e+03
6.077000000000000000e+03
6.012000000000000000e+03
5.949000000000000000e+03
5.888000000000000000e+03
5.828000000000000000e+03
5.770000000000000000e+03
5.713000000000000000e+03
5.658000000000000000e+03
5.604000000000000000e+03
5.551000000000000000e+03
5.499000000000000000e+03
5.449000000000000000e+03
5.399000000000000000e+03
5.351000000000000000e+03
5.303000000000000000e+03
5.256000000000000000e+03
5.210000000000000000e+03
5.165000000000000000e+03
5.121000000000000000e+03
5.077000000000000000e+03
5.035000000000000000e+03
4.992000000000000000e+03
4.951000000000000000e+03
4.910000000000000000e+03
4.870000000000000000e+03
4.830000000000000000e+03
4.791000000000000000e+03
4.752000000000000000e+03
4.714000000000000000e+03
4.677000000000000000e+03
4.639000000000000000e+03
4.603000000000000000e+03
4.566000000000000000e+03
4.530000000000000000e+03
4.495000000000000000e+03
4.460000000000000000e+03
4.425000000000000000e+03
4.391000000000000000e+03
4.357000000000000000e+03
4.323000000000000000e+03
4.290000000000000000e+03
4.257000000000000000e+03
4.224000000000000000e+03
4.191000000000000000e+03
4.159000000000000000e+03
4.127000000000000000e+03
4.095000000000000000e+03
4.064000000000000000e+03
4.032000000000000000e+03
4.001000000000000000e+03
3.970000000000000000e+03
3.940000000000000000e+03
3.909000000000000000e+03
3.879000000000000000e+03
3.849000000000000000e+03
3.819000000000000000e+03
3.789000000000000000e+03
3.759000000000000000e+03
3.730000000000000000e+03
3.701000000000000000e+03
3.671000000000000000e+03
3.642000000000000000e+03
3.613000000000000000e+03
3.584000000000000000e+03
3.555000000000000000e+03
3.527000000000000000e+03
3.498000000000000000e+03
3.469000000000000000e+03
3.441000000000000000e+03
3.412000000000000000e+03
3.384000000000000000e+03
3.355000000000000000e+03
3.327000000000000000e+03
3.298000000000000000e+03
3.270000000000000000e+03
3.242000000000000000e+03
3.213000000000000000e+03
3.185000000000000000e+03
3.283000000000000000e+03
3.243000000000000000e+03
3.197000000000000000e+03
3.212000000000000000e+03
3.189000000000000000e+03
3.166000000000000000e+03
3.156000000000000000e+03
3.155000000000000000e+03
3.155000000000000000e+03
3.154000000000000000e+03
3.152000000000000000e+03
3.151000000000000000e+03
3.149000000000000000e+03
3.147000000000000000e+03
3.145000000000000000e+03
3.143000000000000000e+03
3.141000000000000000e+03
3.139000000000000000e+03
3.137000000000000000e+03
3.118000000000000000e+03
3.096000000000000000e+03
3.074000000000000000e+03
3.052000000000000000e+03
3.030000000000000000e+03
3.009000000000000000e+03
2.986000000000000000e+03
2.965000000000000000e+03
2.944000000000000000e+03
2.922000000000000000e+03
2.900000000000000000e+03
2.879000000000000000e+03
2.857000000000000000e+03
2.836000000000000000e+03
2.815000000000000000e+03
2.793000000000000000e+03
2.771000000000000000e+03
2.750000000000000000e+03
2.727000000000000000e+03
2.706000000000000000e+03
2.683000000000000000e+03
2.661000000000000000e+03
2.638000000000000000e+03
inf
1.793600000000000000e+04
1.236800000000000000e+04
1.110700000000000000e+04
1.036800000000000000e+04
9.841000000000000000e+03
9.432000000000000000e+03
9.097000000000000000e+03
8.813000000000000000e+03
8.567000000000000000e+03
8.348000000000000000e+03
8.153000000000000000e+03
7.975000000000000000e+03
7.813000000000000000e+03
7.663000000000000000e+03
7.524000000000000000e+03
7.394000000000000000e+03
7.272000000000000000e+03
7.157000000000000000e+03
7.048000000000000000e+03
6.945000000000000000e+03
6.847000000000000000e+03
6.754000000000000000e+03
6.665000000000000000e+03
6.579000000000000000e+03
6.497000000000000000e+03
6.417000000000000000e+03
6.341000000000000000e+03
6.268000000000000000e+03
6.196000000000000000e+03
6.127000000000000000e+03
6.061000000000000000e+03
5.996000000000000000e+03
5.933000000000000000e+03
5.872000000000000000e+03
5.812000000000000000e+03
5.754000000000000000e+03
5.697000000000000000e+03
5.642000000000000000e+03
5.588000000000000000e+03
5.536000000000000000e+03
5.484000000000000000e+03
5.433000000000000000e+03
5.384000000000000000e+03
5.336000000000000000e+03
5.288000000000000000e+03
5.241000000000000000e+03
5.196000000000000000e+03
5.151000000000000000e+03
5.106000000000000000e+03
5.063000000000000000e+03
5.020000000000000000e+03
4.978000000000000000e+03
4.937000000000000000e+03
4.896000000000000000e+03
4.856000000000000000e+03
4.816000000000000000e+03
4.777000000000000000e+03
4.739000000000000000e+03
4.701000000000000000e+03
4.663000000000000000e+03
4.626000000000000000e+03
4.589000000000000000e+03
4.553000000000000000e+03
4.517000000000000000e+03
4.482000000000000000e+03
4.447000000000000000e+03
4.412000000000000000e+03
4.378000000000000000e+03
4.344000000000000000e+03
4.310000000000000000e+03
4.277000000000000000e+03
4.244000000000000000e+03
4.211000000000000000e+03
4.179000000000000000e+03
4.147000000000000000e+03
4.115000000000000000e+03
4.083000000000000000e+03
4.052000000000000000e+03
4.021000000000000000e+03
3.990000000000000000e+03
3.959000000000000000e+03
3.928000000000000000e+03
3.898000000000000000e+03
3.868000000000000000e+03
3.838000000000000000e+03
3.808000000000000000e+03
3.778000000000000000e+03
3.749000000000000000e+03
3.719000000000000000e+03
3.690000000000000000e+03
3.661000000000000000e+03
3.632000000000000000e+03
3.603000000000000000e+03
3.574000000000000000e+03
3.545000000000000000e+03
3.517000000000000000e+03
3.488000000000000000e+03
3.460000000000000000e+03
3.431000000000000000e+03
3.403000000000000000e+03
3.374000000000000000e+03
3.346000000000000000e+03
3.318000000000000000e+03
3.289000000000000000e+03
3.261000000000000000e+03
3.233000000000000000e+03
3.205000000000000000e+03
3.176000000000000000e+03
3.148000000000000000e+03
3.248000000000000000e+03
3.206000000000000000e+03
3.160000000000000000e+03
3.176000000000000000e+03
3.153000000000000000e+03
3.130000000000000000e+03
3.123000000000000000e+03
3.122000000000000000e+03
3.122000000000000000e+03
3.120000000000000000e+03
3.119000000000000000e+03
3.118000000000000000e+03
3.116000000000000000e+03
3.114000000000000000e+03
3.112000000000000000e+03
3.110000000000000000e+03
3.108000000000000000e+03
3.106000000000000000e+03
3.104000000000000000e+03
3.085000000000000000e+03
3.063000000000000000e+03
3.041000000000000000e+03
3.019000000000000000e+03
2.998000000000000000e+03
2.976000000000000000e+03
2.954000000000000000e+03
2.933000000000000000e+03
2.911000000000000000e+03
2.890000000000000000e+03
2.868000000000000000e+03
2.847000000000000000e+03
2.826000000000000000e+03
2.804000000000000000e+03
2.783000000000000000e+03
2.761000000000000000e+03
2.740000000000000000e+03
2.719000000000000000e+03
2.696000000000000000e+03
2.675000000000000000e+03
2.652000000000000000e+03
2.629000000000000000e+03
inf
1.793000000000000000e+04
1.234300000000000000e+04
1.108300000000000000e+04
1.034500000000000000e+04
9.820000000000000000e+03
9.411000000000000000e+03
9.076000000000000000e+03
8.793000000000000000e+03
8.546000000000000000e+03
8.328000000000000000e+03
8.133000000000000000e+03
7.956000000000000000e+03
7.794000000000000000e+03
7.644000000000000000e+03
7.505000000000000000e+03
7.375000000000000000e+03
7.253000000000000000e+03
7.139000000000000000e+03
7.030000000000000000e+03
6.928000000000000000e+03
6.830000000000000000e+03
6.736000000000000000e+03
6.647000000000000000e+03
6.562000000000000000e+03
6.480000000000000000e+03
6.401000000000000000e+03
6.324000000000000000e+03
6.251000000000000000e+03
6.180000000000000000e+03
6.111000000000000000e+03
6.044000000000000000e+03
5.980000000000000000e+03
5.917000000000000000e+03
5.856000000000000000e+03
5.796000000000000000e+03
5.738000000000000000e+03
5.682000000000000000e+03
5.627000000000000000e+03
5.573000000000000000e+03
5.520000000000000000e+03
5.469000000000000000e+03
5.418000000000000000e+03
5.369000000000000000e+03
5.321000000000000000e+03
5.273000000000000000e+03
5.227000000000000000e+03
5.181000000000000000e+03
5.136000000000000000e+03
5.092000000000000000e+03
5.049000000000000000e+03
5.006000000000000000e+03
4.964000000000000000e+03
4.923000000000000000e+03
4.882000000000000000e+03
4.842000000000000000e+03
4.802000000000000000e+03
4.763000000000000000e+03
4.725000000000000000e+03
4.687000000000000000e+03
4.650000000000000000e+03
4.613000000000000000e+03
4.576000000000000000e+03
4.540000000000000000e+03
4.504000000000000000e+03
4.469000000000000000e+03
4.434000000000000000e+03
4.399000000000000000e+03
4.365000000000000000e+03
4.331000000000000000e+03
4.298000000000000000e+03
4.265000000000000000e+03
4.232000000000000000e+03
4.199000000000000000e+03
4.167000000000000000e+03
4.135000000000000000e+03
4.103000000000000000e+03
4.071000000000000000e+03
4.040000000000000000e+03
4.009000000000000000e+03
3.978000000000000000e+03
3.947000000000000000e+03
3.917000000000000000e+03
3.887000000000000000e+03
3.857000000000000000e+03
3.827000000000000000e+03
3.797000000000000000e+03
3.767000000000000000e+03
3.738000000000000000e+03
3.709000000000000000e+03
3.679000000000000000e+03
3.650000000000000000e+03
3.621000000000000000e+03
3.593000000000000000e+03
3.564000000000000000e+03
3.535000000000000000e+03
3.507000000000000000e+03
3.478000000000000000e+03
3.450000000000000000e+03
3.422000000000000000e+03
3.393000000000000000e+03
3.365000000000000000e+03
3.337000000000000000e+03
3.309000000000000000e+03
3.281000000000000000e+03
3.253000000000000000e+03
3.224000000000000000e+03
3.196000000000000000e+03
3.168000000000000000e+03
3.140000000000000000e+03
3.112000000000000000e+03
3.212000000000000000e+03
3.170000000000000000e+03
3.124000000000000000e+03
3.141000000000000000e+03
3.117000000000000000e+03
3.093000000000000000e+03
3.090000000000000000e+03
3.089000000000000000e+03
3.089000000000000000e+03
3.087000000000000000e+03
3.086000000000000000e+03
3.085000000000000000e+03
3.083000000000000000e+03
3.081000000000000000e+03
3.079000000000000000e+03
3.077000000000000000e+03
3.075000000000000000e+03
3.073000000000000000e+03
3.070000000000000000e+03
3.051000000000000000e+03
3.030000000000000000e+03
3.009000000000000000e+03
2.986000000000000000e+03
2.965000000000000000e+03
2.943000000000000000e+03
2.922000000000000000e+03
2.901000000000000000e+03
2.879000000000000000e+03
2.858000000000000000e+03
2.837000000000000000e+03
2.815000000000000000e+03
2.794000000000000000e+03
2.773000000000000000e+03
2.752000000000000000e+03
2.730000000000000000e+03
2.709000000000000000e+03
2.687000000000000000e+03
2.666000000000000000e+03
2.643000000000000000e+03
2.622000000000000000e+03
inf
inf
inf
inf
inf
inf
inf
inf
inf
inf
inf
inf
inf
inf
inf
inf
inf
inf
inf
inf
inf
inf
inf
inf
inf
inf
inf
inf
inf
inf
inf
inf
inf
inf
inf
inf
inf
inf
inf
inf
inf
inf
inf
inf
inf
inf
inf
inf
inf
inf
inf
inf
inf
inf
inf
inf
inf
inf
inf
inf
inf
inf
inf
inf
inf
inf
inf
inf
inf
inf
inf
inf
inf
inf
inf
inf
inf
inf
inf
inf
inf
inf
inf
inf
inf
inf
inf
inf
inf
inf
inf
inf
inf
inf
inf
inf
inf
inf
inf
inf
inf
inf
inf
inf
inf
inf
inf
inf
inf
inf
inf
inf
inf
inf
inf
inf
inf
inf
inf
inf
inf
inf
inf
inf
inf
inf
inf
inf
inf
inf
inf
inf
inf
inf
inf
inf
inf
inf
inf
inf
inf
inf
inf
inf
inf
inf
inf
inf
inf
inf
inf
inf
inf
inf
inf
inf
inf
inf
inf
inf
inf
inf
inf
inf
inf
inf
inf
inf
inf
inf
inf
inf
inf
inf
inf
inf
inf
inf
inf
inf
inf
inf
inf
inf
inf
inf
inf
inf
inf
inf
inf
inf
inf
inf
inf
inf
inf
inf
inf
inf
inf
inf
inf
inf
inf
inf
inf
inf
inf
inf
inf
inf
inf
inf
inf
inf
inf
inf
inf
inf
inf
inf
inf
inf
inf
inf
inf
inf
inf
inf
inf
inf
inf
inf
inf
inf
inf
inf
inf
inf
inf
inf
inf
inf
inf
inf
inf
inf
inf
inf
inf
inf
inf
inf
inf
inf
inf
inf
inf
inf
inf
inf
inf
inf
inf
inf
inf
inf
inf
inf
inf
inf
inf
inf
inf
inf
inf
inf
inf
inf
inf
inf
inf
inf
inf
inf
inf
inf
inf
inf
inf
inf
inf
inf
inf
inf
inf
inf
inf
inf
inf
inf
inf
inf
inf
inf
inf
inf
inf
inf
inf
inf
inf
inf
inf
inf
inf
inf
inf
inf
inf
inf
inf
inf
inf
inf
inf
inf
inf
inf
inf
inf
inf
inf
inf
inf
inf
inf
inf
inf
inf
inf
inf
inf
inf
inf
inf
inf
inf
inf
inf
inf
inf
inf
inf
inf
inf
inf
inf
inf
inf
inf
inf
inf
inf
inf
inf
inf
inf
inf
inf
inf
inf
inf
inf
inf
inf
inf
inf
inf
inf
inf
inf
inf
inf
inf
inf
inf
inf
inf
inf
inf
inf
inf
inf
inf
inf
inf
inf
inf
inf
inf
inf
inf
inf
inf
inf
inf
inf
inf
inf
inf
inf
inf
inf
inf
inf
inf
inf
inf
inf
inf
inf
inf
inf
inf
inf
inf
inf
inf
inf
inf
inf
inf
inf
inf
inf
inf
inf
inf
inf
inf
inf
inf
inf
inf
inf
inf
inf
inf
inf
inf
inf
inf
inf
inf
inf
inf
inf
inf
inf
inf
inf
inf
inf
inf
inf
inf
inf
inf
inf
inf
inf
inf
inf
inf
inf
inf
inf
inf
inf
inf
inf
inf
inf
inf
inf
inf
inf
inf
inf
inf
inf
inf
inf
inf
inf
inf
inf
inf
inf
inf
inf
inf
inf
inf
inf
inf
inf
inf
inf
inf
inf
inf
inf
inf
inf
inf
inf
inf
inf
inf
inf
inf
inf
inf
inf
inf
inf
inf
inf
inf
inf
inf
inf
inf
inf
inf
inf
inf
inf
inf
inf
inf
inf
inf
inf
inf
inf
inf
inf
inf
inf
inf
inf
inf
inf
inf
inf
inf
inf
inf
inf
inf
inf
inf
inf
inf
inf
inf
inf
inf
inf
inf
inf
inf
inf
inf
inf
inf
inf
inf
inf
inf
inf
inf
inf
inf
inf
inf
inf
inf
inf
inf
inf
inf
inf
inf
inf
inf
inf
inf
inf
inf
inf
inf
inf
inf
inf
inf
inf
inf
inf
inf
inf
inf
inf
inf
inf
inf
inf
inf
inf
inf
inf
inf
inf
inf
inf
inf
inf
inf
inf
inf
inf
inf
inf
inf
inf
inf
inf
inf
inf
inf
inf
inf
inf
inf
inf
inf
inf
inf
inf
inf
inf
inf
inf
inf
inf
inf
inf
inf
inf
inf
inf
inf
inf
inf
inf
inf
inf
inf
inf
inf
inf
inf
inf
inf
inf
inf
inf
inf
inf
inf
inf
inf
inf
inf
inf
inf
inf
inf
inf
inf
inf
inf
inf
inf
inf
inf
inf
inf
inf
inf
inf
inf
inf
inf
inf
inf
inf
inf
inf
inf
inf
inf
inf
inf
inf
inf
inf
inf
inf
inf
inf
inf
inf
inf
inf
inf
inf
inf
inf
inf
inf
inf
inf
inf
inf
inf
inf
inf
inf
inf
inf
inf
inf
inf
inf
inf
inf
inf
inf
inf
inf
inf
inf
inf
inf
inf
inf
inf
inf
inf
inf
inf
inf
inf
inf
inf
inf
inf
inf
inf
inf
inf
inf
inf
inf
inf
inf
inf
inf
inf
inf
inf
inf
inf
inf
inf
inf
inf
inf
inf
inf
inf
inf
inf
inf
inf
inf
inf
inf
inf
inf
inf
inf
inf
inf
inf
inf
inf
inf
inf
inf
inf
inf
inf
inf
inf
inf
inf
inf
inf
inf
inf
inf
inf
inf
inf
inf
inf
inf
inf
inf
inf
inf
inf
inf
inf
inf
inf
inf
inf
inf
inf
inf
inf
inf
inf
inf
inf
inf
inf
inf
inf
inf
inf
inf
inf
inf
inf
inf
inf
inf
inf
inf
inf
inf
inf
inf
inf
inf
inf
inf
inf
inf
inf
inf
inf
inf
inf
inf
inf
inf
inf
inf
inf
inf
inf
inf
inf
inf
inf
inf
inf
inf
inf
inf
inf
inf
inf
inf
inf
inf
inf
inf
inf
inf
inf
inf
inf
inf
inf
inf
inf
inf
inf
inf
inf
inf
inf
inf
inf
inf
inf
inf
inf
inf
inf
inf
inf
inf
inf
inf
inf
inf
inf
inf
inf
inf
inf
inf
inf
inf
inf
inf
inf
inf
inf
inf
inf
inf
inf
inf
inf
inf
inf
inf
inf
inf
inf
inf
inf
inf
inf
inf
inf
inf
inf
inf
inf
inf
inf
inf
inf
inf
inf
inf
inf
inf
inf
inf
inf
inf
inf
inf
inf
inf
inf
inf
inf
inf
inf
inf
inf
inf
inf
inf
inf
inf
inf
inf
inf
inf
inf
inf
inf
inf
inf
inf
inf
inf
inf
inf
inf
inf
inf
inf
inf
inf
inf
inf
inf
inf
inf
inf
inf
inf
inf
inf
inf
inf
inf
inf
inf
inf
inf
inf
inf
inf
inf
inf
inf
inf
inf
inf
inf
inf
inf
inf
inf
inf
inf
inf
inf
inf
inf
inf
inf
inf
inf
inf
inf
inf
inf
inf
inf
inf
inf
inf
inf
inf
inf
inf
inf
inf
inf
inf
inf
inf
inf
inf
inf
inf
inf
inf
inf
inf
inf
inf
inf
inf
inf
inf
inf
inf
inf
inf
inf
inf
inf
inf
inf
inf
inf
inf
inf
inf
inf
inf
inf
inf
inf
inf
inf
inf
inf
inf
inf
inf
inf
inf
inf
inf
inf
inf
inf
inf
inf
inf
inf
inf
inf
inf
inf
inf
inf
inf
inf
inf
inf
inf
inf
inf
inf
inf
inf
inf
inf
inf
inf
inf
inf
inf
inf
inf
inf
inf
inf
inf
inf
inf
inf
inf
inf
inf
inf
inf
inf
inf
inf
inf
inf
inf
inf
inf
inf
inf
inf
inf
inf
inf
inf
inf
inf
inf
inf
inf
inf
inf
inf
inf
inf
inf
inf
inf
inf
inf
inf
inf
inf
inf
inf
inf
inf
inf
inf
inf
inf
inf
inf
inf
inf
inf
inf
inf
inf
inf
inf
inf
inf
inf
inf
inf
inf
inf
inf
inf
inf
inf
inf
inf
inf
inf
inf
inf
inf
inf
inf
inf
inf
inf
inf
inf
inf
inf
inf
inf
inf
inf
inf
inf
inf
inf
inf
inf
inf
inf
inf
inf
inf
inf
inf
inf
inf
inf
inf
inf
inf
inf
inf
inf
inf
inf
inf
inf
inf
inf
inf
inf
inf
inf
inf
inf
inf
inf
inf
inf
inf
inf
inf
inf
inf
inf
inf
inf
inf
inf
inf
inf
inf
inf
inf
inf
inf
inf
inf
inf
inf
inf
inf
inf
inf
inf
inf
inf
inf
inf
inf
inf
inf
inf
inf
inf
inf
inf
inf
inf
inf
inf
inf
inf
inf
inf
inf
inf
inf
inf
inf
inf
inf
inf
inf
inf
inf
inf
inf
inf
inf
inf
inf
inf
inf
inf
inf
inf
inf
inf
inf
inf
inf
inf
inf
inf
inf
inf
inf
inf
inf
inf
inf
inf
inf
inf
inf
inf
inf
inf
inf
inf
inf
inf
inf
inf
inf
inf
inf
inf
inf
inf
inf
inf
inf
inf
inf
inf
inf
inf
inf
inf
inf
inf
inf
inf
inf
inf
inf
inf
inf
inf
inf
inf
inf
inf
inf
inf
inf
inf
inf
inf
inf
inf
inf
inf
inf
inf
inf
inf
inf
inf
inf
inf
inf
inf
inf
inf
inf
inf
inf
inf
inf
inf
inf
inf
inf
inf
inf
inf
inf
inf
inf
inf
inf
inf
inf
inf
inf
inf
inf
inf
inf
inf
inf
inf
inf
inf
inf
inf
inf
inf
inf
inf
inf
inf
inf
inf
inf
inf
inf
inf
inf
inf
inf
inf
inf
inf
inf
inf
inf
inf
inf
inf
inf
inf
inf
inf
inf
inf
inf
inf
inf
inf
inf
inf
inf
inf
inf
inf
inf
inf
inf
inf
inf
inf
inf
inf
inf
inf
inf
inf
inf
inf
inf
inf
inf
inf
inf
inf
inf
inf
inf
inf
inf
inf
inf
inf
inf
inf
inf
inf
inf
inf
inf
inf
inf
inf
inf
inf
inf
inf
inf
inf
inf
inf
inf
inf
inf
inf
inf
inf
inf
inf
inf
inf
inf
inf
inf
inf
inf
inf
inf
inf
inf
inf
inf
inf
inf
inf
inf
inf
inf
inf
inf
inf
inf
inf
inf
inf
inf
inf
inf
inf
inf
inf
inf
inf
inf
inf
inf
inf
inf
inf
inf
inf
inf
inf
inf
inf
inf
inf
inf
inf
inf
inf
inf
inf
inf
inf
inf
inf
inf
inf
inf
inf
inf
inf
inf
inf
inf
inf
inf
inf
inf
inf
inf
inf
inf
inf
inf
inf
inf
inf
inf
inf
inf
inf
inf
inf
inf
inf
inf
inf
inf
inf
inf
inf
inf
inf
inf
inf
inf
inf
inf
inf
inf
inf
inf
inf
inf
inf
inf
inf
inf
inf
inf
inf
inf
inf
inf
inf
inf
inf
inf
inf
inf
inf
inf
inf
inf
inf
inf
inf
inf
inf
inf
inf
inf
inf
inf
inf
inf
inf
inf
inf
inf
inf
inf
inf
inf
inf
inf
inf
inf
inf
inf
inf
inf
inf
inf
inf
inf
inf
inf
inf
inf
inf
inf
inf
inf
inf
inf
inf
inf
inf
inf
inf
inf
inf
inf
inf
inf
inf
inf
inf
inf
inf
inf
inf
inf
inf
inf
inf
inf
inf
inf
inf
inf
inf
inf
inf
inf
inf
inf
inf
inf
inf
inf
inf
inf
inf
inf
inf
inf
inf
inf
inf
inf
inf
inf
inf
inf
inf
inf
inf
inf
inf
inf
inf
inf
inf
inf
inf
inf
inf
inf
inf
inf
inf
inf
inf
inf
inf
inf
inf
inf
inf
inf
inf
inf
inf
inf
inf
inf
inf
inf
inf
inf
inf
inf
inf
inf
inf
inf
inf
inf
inf
inf
inf
inf
inf
inf
inf
inf
inf
inf
inf
inf
inf
inf
inf
inf
inf
inf
inf
inf
inf
inf
inf
inf
inf
inf
inf
inf
inf
inf
inf
inf
inf
inf
inf
inf
inf
inf
inf
inf
inf
inf
inf
inf
inf
inf
inf
inf
inf
inf
inf
inf
inf
inf
inf
inf
inf
inf
inf
inf
inf
inf
inf
inf
inf
inf
inf
inf
inf
inf
inf
inf
inf
inf
inf
inf
inf
inf
inf
inf
inf
inf
inf
inf
inf
inf
inf
inf
inf
inf
inf
inf
inf
inf
inf
inf
inf
inf
inf
inf
inf
inf
inf
inf
inf
inf
inf
inf
inf
inf
inf
inf
inf
inf
inf
inf
inf
inf
inf
inf
inf
inf
inf
inf
inf
inf
inf
inf
inf
inf
inf
inf
inf
inf
inf
inf
inf
inf
inf
inf
inf
inf
inf
inf
inf
inf
inf
inf
inf
inf
inf
inf
inf
inf
inf
inf
inf
inf
inf
inf
inf
inf
inf
inf
inf
inf
inf
inf
inf
inf
inf
inf
inf
inf
inf
inf
inf
inf
inf
inf
inf
inf
inf
inf
inf
inf
inf
inf
inf
inf
inf
inf
inf
inf
inf
inf
inf
inf
inf
inf
inf
inf
inf
inf
inf
inf
inf
inf
inf
inf
inf
inf
inf
inf
inf
inf
inf
inf
inf
inf
inf
inf
inf
inf
inf
inf
inf
inf
inf
inf
inf
inf
inf
inf
inf
inf
inf
inf
inf
inf
inf
inf
inf
inf
inf
inf
inf
inf
inf
inf
inf
inf
inf
inf
inf
inf
inf
inf
inf
inf
inf
inf
inf
inf
inf
inf
inf
inf
inf
inf
inf
inf
inf
inf
inf
inf
inf
inf
inf
inf
inf
inf
inf
inf
inf
inf
inf
inf
inf
inf
inf
inf
inf
inf
inf
inf
inf
inf
inf
inf
inf
inf
inf
inf
inf
inf
inf
inf
inf
inf
inf
inf
inf
inf
inf
inf
inf
inf
inf
inf
inf
inf
inf
inf
inf
inf
inf
inf
inf
inf
inf
inf
inf
inf
inf
inf
inf
inf
inf
inf
inf
inf
inf
inf
inf
inf
inf
inf
inf
inf
inf
inf
inf
inf
inf
inf
inf
inf
inf
inf
inf
inf
inf
inf
inf
inf
inf
inf
inf
inf
inf
inf
inf
inf
inf
inf
inf
inf
inf
inf
inf
inf
inf
inf
inf
inf
inf
inf
inf
inf
inf
inf
inf
inf
inf
inf
inf
inf
inf
inf
inf
inf
inf
inf
inf
inf
inf
inf
inf
inf
inf
inf
inf
inf
inf
inf
inf
inf
inf
inf
inf
inf
inf
inf
inf
inf
inf
inf
inf
inf
inf
inf
inf
inf
inf
inf
inf
inf
inf
inf
inf
inf
inf
inf
inf
inf
inf
inf
inf
inf
inf
inf
inf
inf
inf
inf
inf
inf
inf
inf
inf
inf
inf
inf
inf
inf
inf
inf
inf
inf
inf
inf
inf
inf
inf
inf
inf
inf
inf
inf
inf
inf
inf
inf
inf
inf
inf
inf
inf
inf
inf
inf
inf
inf
inf
inf
inf
inf
inf
inf
inf
inf
inf
inf
inf
inf
inf
inf
inf
inf
inf
inf
inf
inf
inf
inf
inf
inf
inf
inf
inf
inf
inf
inf
inf
inf
inf
inf
inf
inf
inf
inf
inf
inf
inf
inf
inf
inf
inf
inf
inf
inf
inf
inf
inf
inf
inf
inf
inf
inf
inf
inf
inf
inf
inf
inf
inf
inf
inf
inf
inf
inf
inf
inf
inf
inf
inf
inf
inf
inf
inf
inf
inf
inf
inf
inf
inf
inf
inf
inf
inf
inf
inf
inf
inf
inf
inf
inf
inf
inf
inf
inf
inf
inf
inf
inf
inf
inf
inf
inf
inf
inf
inf
inf
inf
inf
inf
inf
inf
inf
inf
inf
inf
inf
inf
inf
inf
inf
inf
inf
inf
inf
inf
inf
inf
inf
inf
inf
inf
inf
inf
inf
inf
inf
inf
inf
inf
inf
inf
inf
inf
inf
inf
inf
inf
inf
inf
inf
inf
inf
inf
inf
inf
inf
inf
inf
inf
inf
inf
inf
inf
inf
inf
inf
inf
inf
inf
inf
inf
inf
inf
inf
inf
inf
inf
inf
inf
inf
inf
inf
inf
inf
inf
inf
inf
inf
inf
inf
inf
inf
inf
inf
inf
inf
inf
inf
inf
inf
inf
inf
inf
inf
inf
inf
inf
inf
inf
inf
inf
inf
inf
inf
inf
inf
inf
inf
inf
inf
inf
inf
inf
inf
inf
inf
inf
inf
inf
inf
inf
inf
inf
inf
inf
inf
inf
inf
inf
inf
inf
inf
inf
inf
inf
inf
inf
inf
inf
inf
inf
inf
inf
inf
inf
inf
inf
inf
inf
inf
inf
inf
inf
inf
inf
inf
inf
inf
inf
inf
inf
inf
inf
inf
inf
inf
inf
inf
inf
inf
inf
inf
inf
inf
inf
inf
inf
inf
inf
inf
inf
inf
inf
inf
inf
inf
inf
inf
inf
inf
inf
inf
inf
inf
inf
inf
inf
inf
inf
inf
inf
inf
inf
inf
inf
inf
inf
inf
inf
inf
inf
inf
inf
inf
inf
inf
inf
inf
inf
inf
inf
inf
inf
inf
inf
inf
inf
inf
inf
inf
inf
inf
inf
inf
inf
inf
inf
inf
inf
inf
inf
inf
inf
inf
inf
inf
inf
inf
inf
inf
inf
inf
inf
inf
inf
inf
inf
inf
inf
inf
inf
inf
inf
inf
inf
inf
inf
inf
inf
inf
inf
inf
inf
inf
inf
inf
inf
inf
inf
inf
inf
inf
inf
inf
inf
inf
inf
inf
inf
inf
inf
inf
inf
inf
inf
inf
inf
inf
inf
inf
inf
inf
inf
inf
inf
inf
inf
inf
inf
inf
inf
inf
inf
inf
inf
inf
inf
inf
inf
inf
inf
inf
inf
inf
inf
inf
inf
inf
inf
inf
inf
inf
inf
inf
inf
inf
inf
inf
inf
inf
inf
inf
inf
inf
inf
inf
inf
inf
inf
inf
inf
inf
inf
inf
inf
inf
inf
inf
inf
inf
inf
inf
inf
inf
inf
inf
inf
inf
inf
inf
inf
inf
inf
inf
inf
inf
inf
inf
inf
inf
inf
inf
inf
inf
inf
inf
inf
inf
inf
inf
inf
inf
inf
inf
inf
inf
inf
inf
inf
inf
inf
inf
inf
inf
inf
inf
inf
inf
inf
inf
inf
inf
inf
inf
inf
inf
inf
inf
inf
inf
inf
inf
inf
inf
inf
inf
inf
inf
inf
inf
inf
inf
inf
inf
inf
inf
inf
inf
inf
inf
inf
inf
inf
inf
inf
inf
inf
inf
inf
inf
inf
inf
inf
inf
inf
inf
inf
inf
inf
inf
inf
inf
inf
inf
inf
inf
inf
inf
inf
inf
inf
inf
inf
inf
inf
inf
inf
inf
inf
inf
inf
inf
inf
inf
inf
inf
inf
inf
inf
inf
inf
inf
inf
inf
inf
inf
inf
inf
inf
inf
inf
inf
inf
inf
inf
inf
inf
inf
inf
inf
inf
inf
inf
inf
inf
inf
inf
inf
inf
inf
inf
inf
inf
inf
inf
inf
inf
inf
inf
inf
inf
inf
inf
inf
inf
inf
inf
inf
inf
inf
inf
inf
inf
inf
inf
inf
inf
inf
inf
inf
inf
inf
inf
inf
inf
inf
inf
inf
inf
inf
inf
inf
inf
inf
inf
inf
inf
inf
inf
inf
inf
inf
inf
inf
inf
inf
inf
inf
inf
inf
inf
inf
inf
inf
inf
inf
inf
inf
inf
inf
inf
inf
inf
inf
inf
inf
inf
inf
inf
inf
inf
inf
inf
inf
inf
inf
inf
inf
inf
inf
inf
inf
inf
inf
inf
inf
inf
inf
inf
inf
inf
inf
inf
inf
inf
inf
inf
inf
inf
inf
inf
inf
inf
inf
inf
inf
inf
inf
inf
inf
inf
inf
inf
inf
inf
inf
inf
inf
inf
inf
inf
inf
inf
inf
inf
inf
inf
inf
inf
inf
inf
inf
inf
inf
inf
inf
inf
inf
inf
inf
inf
inf
inf
inf
inf
inf
inf
inf
inf
inf
inf
inf
inf
inf
inf
inf
inf
inf
inf
inf
inf
inf
inf
inf
inf
inf
inf
inf
inf
inf
inf
inf
inf
inf
inf
inf
inf
inf
inf
inf
inf
inf
inf
inf
inf
inf
inf
inf
inf
inf
inf
inf
inf
inf
inf
inf
inf
inf
inf
inf
inf
inf
inf
inf
inf
inf
inf
inf
inf
inf
inf
inf
inf
inf
inf
inf
inf
inf
inf
inf
inf
inf
inf
inf
inf
inf
inf
inf
inf
inf
inf
inf
inf
inf
inf
inf
inf
inf
inf
inf
inf
inf
inf
inf
inf
inf
inf
inf
inf
inf
inf
inf
inf
inf
inf
inf
inf
inf
inf
inf
inf
inf
inf
inf
inf
inf
inf
inf
inf
inf
inf
inf
inf
inf
inf
inf
inf
inf
inf
inf
inf
inf
inf
inf
inf
inf
inf
inf
inf
inf
inf
inf
inf
inf
inf
inf
inf
inf
inf
inf
inf
inf
inf
inf
inf
inf
inf
inf
inf
inf
inf
inf
inf
inf
inf
inf
inf
inf
inf
inf
inf
inf
inf
inf
inf
inf
inf
inf
inf
inf
inf
inf
inf
inf
inf
inf
inf
inf
inf
inf
inf
inf
inf
inf
inf
inf
inf
inf
inf
inf
inf
inf
inf
inf
inf
inf
inf
inf
inf
inf
inf
inf
inf
inf
inf
inf
inf
inf
inf
inf
inf
inf
inf
inf
inf
inf
inf
inf
inf
inf
inf
inf
inf
inf
inf
inf
inf
inf
inf
inf
inf
inf
inf
inf
inf
inf
inf
inf
inf
inf
inf
inf
inf
inf
inf
inf
inf
inf
inf
inf
inf
inf
inf
inf
inf
inf
inf
inf
inf
inf
inf
inf
inf
inf
inf
inf
inf
inf
inf
inf
inf
inf
inf
inf
inf
inf
inf
inf
inf
inf
inf
inf
inf
inf
inf
inf
inf
inf
inf
inf
inf
inf
inf
inf
inf
inf
inf
inf
inf
inf
inf
inf
inf
inf
inf
inf
inf
inf
inf
inf
inf
inf
inf
inf
inf
inf
inf
inf
inf
inf
inf
inf
inf
inf
inf
inf
inf
inf
inf
inf
inf
inf
inf
inf
inf
inf
inf
inf
inf
inf
inf
inf
inf
inf
inf
inf
inf
inf
inf
inf
inf
inf
inf
inf
inf
inf
inf
inf
inf
inf
inf
inf
inf
inf
inf
inf
inf
inf
inf
inf
inf
inf
inf
inf
inf
inf
inf
inf
inf
inf
inf
inf
inf
inf
inf
inf
inf
inf
inf
inf
inf
inf
inf
inf
inf
inf
inf
inf
inf
inf
inf
inf
inf
inf
inf
inf
inf
inf
inf
inf
inf
inf
inf
inf
inf
inf
inf
inf
inf
inf
inf
inf
inf
inf
inf
inf
inf
inf
inf
inf
inf
inf
inf
inf
inf
inf
inf
inf
inf
inf
inf
inf
inf
inf
inf
inf
inf
inf
inf
inf
inf
inf
inf
inf
inf
inf
inf
inf
inf
inf
inf
inf
inf
inf
inf
inf
inf
inf
inf
inf
inf
inf
inf
inf
inf
inf
inf
inf
inf
inf
inf
inf
inf
inf
inf
inf
inf
inf
inf
inf
inf
inf
inf
inf
inf
inf
inf
inf
inf
inf
inf
inf
inf
inf
inf
inf
inf
inf
inf
inf
inf
inf
inf
inf
inf
inf
inf
inf
inf
inf
inf
inf
inf
inf
inf
inf
inf
inf
inf
inf
inf
inf
inf
inf
inf
inf
inf
inf
inf
inf
inf
inf
inf
inf
inf
inf
inf
inf
inf
inf
inf
inf
inf
inf
inf
inf
inf
inf
inf
inf
inf
inf
inf
inf
inf
inf
inf
inf
inf
inf
inf
inf
inf
inf
inf
inf
inf
inf
inf
inf
inf
inf
inf
inf
inf
inf
inf
inf
inf
inf
inf
inf
inf
inf
inf
inf
inf
inf
inf
inf
inf
inf
inf
inf
inf
inf
inf
inf
inf
inf
inf
inf
inf
inf
inf
inf
inf
inf
inf
inf
inf
inf
inf
inf
inf
inf
inf
inf
inf
inf
inf
inf
inf
inf
inf
inf
inf
inf
inf
inf
inf
inf
inf
inf
inf
inf
inf
inf
inf
inf
inf
inf
inf
inf
inf
inf
inf
inf
inf
inf
inf
inf
inf
inf
inf
inf
inf
inf
inf
inf
inf
inf
inf
inf
inf
inf
inf
inf
inf
inf
inf
inf
inf
inf
inf
inf
inf
inf
inf
inf
inf
inf
inf
inf
inf
inf
inf
inf
inf
inf
inf
inf
inf
inf
inf
inf
inf
inf
inf
inf
inf
inf
inf
inf
inf
inf
inf
inf
inf
inf
inf
inf
inf
inf
inf
inf
inf
inf
inf
inf
inf
inf
inf
inf
inf
inf
inf
inf
inf
inf
inf
inf
inf
inf
inf
inf
inf
inf
inf
inf
inf
inf
inf
inf
inf
inf
inf
inf
inf
inf
inf
inf
inf
inf
inf
inf
inf
inf
inf
inf
inf
inf
inf
inf
inf
inf
inf
inf
inf
inf
inf
inf
inf
inf
inf
inf
inf
inf
inf
inf
inf
inf
inf
inf
inf
inf
inf
inf
inf
inf
inf
inf
inf
inf
inf
inf
inf
inf
inf
inf
inf
inf
inf
inf
inf
inf
inf
inf
inf
inf
inf
inf
inf
inf
inf
inf
inf
inf
inf
inf
inf
inf
inf
inf
inf
inf
inf
inf
inf
inf
inf
inf
inf
inf
inf
inf
inf
inf
inf
inf
inf
inf
inf
inf
inf
inf
inf
inf
inf
inf
inf
inf
inf
inf
inf
inf
inf
inf
inf
inf
inf
inf
inf
inf
inf
inf
inf
inf
inf
inf
inf
inf
inf
inf
inf
inf
inf
inf
inf
inf
inf
inf
inf
inf
inf
inf
inf
inf
inf
inf
inf
inf
inf
inf
inf
inf
inf
inf
inf
inf
inf
inf
inf
inf
inf
inf
inf
inf
inf
inf
inf
inf
inf
inf
inf
inf
inf
inf
inf
inf
inf
inf
inf
inf
inf
inf
inf
inf
inf
inf
inf
inf
inf
inf
inf
inf
inf
inf
inf
inf
inf
inf
inf
inf
inf
inf
inf
inf
inf
inf
inf
inf
inf
inf
inf
inf
inf
inf
inf
inf
inf
inf
inf
inf
inf
inf
inf
inf
inf
inf
inf
inf
inf
inf
inf
inf
inf
inf
inf
inf
inf
inf
inf
inf
inf
inf
inf
inf
inf
inf
inf
inf
inf
inf
inf
inf
inf
inf
inf
inf
inf
inf
inf
inf
inf
inf
inf
inf
inf
inf
inf
inf
inf
inf
inf
inf
inf
inf
inf
inf
inf
inf
inf
inf
inf
inf
inf
inf
inf
inf
inf
inf
inf
inf
inf
inf
inf
inf
inf
inf
inf
inf
inf
inf
inf
inf
inf
inf
inf
inf
inf
inf
inf
inf
inf
inf
inf
inf
inf
inf
inf
inf
inf
inf
inf
inf
inf
inf
inf
inf
inf
inf
inf
inf
inf
inf
inf
inf
inf
inf
inf
inf
inf
inf
inf
inf
inf
inf
inf
inf
inf
inf
inf
inf
inf
inf
inf
inf
inf
inf
inf
inf
inf
inf
inf
inf
inf
inf
inf
inf
inf
inf
inf
inf
inf
inf
inf
inf
inf
inf
inf
inf
inf
inf
inf
inf
inf
inf
inf
inf
inf
inf
inf
inf
inf
inf
inf
inf
inf
inf
inf
inf
inf
inf
inf
inf
inf
inf
inf
inf
inf
inf
inf
inf
inf
inf
inf
inf
inf
inf
inf
inf
inf
inf
inf
inf
inf
inf
inf
inf
inf
inf
inf
inf
inf
inf
inf
inf
inf
inf
inf
inf
inf
inf
inf
inf
inf
inf
inf
inf
inf
inf
inf
inf
inf
inf
inf
inf
inf
inf
inf
inf
inf
inf
inf
inf
inf
inf
inf
inf
inf
inf
inf
inf
inf
inf
inf
inf
inf
inf
inf
inf
inf
inf
inf
inf
inf
inf
inf
inf
inf
inf
inf
inf
inf
inf
inf
inf
inf
inf
inf
inf
inf
inf
inf
inf
inf
inf
inf
inf
inf
inf
inf
inf
inf
inf
inf
inf
inf
inf
inf
inf
inf
inf
inf
inf
inf
inf
inf
inf
inf
inf
inf
inf
inf
inf
inf
inf
inf
inf
inf
inf
inf
inf
inf
inf
inf
inf
inf
inf
inf
inf
inf
inf
inf
inf
inf
inf
inf
inf
inf
inf
inf
inf
inf
inf
inf
inf
inf
inf
inf
inf
inf
inf
inf
inf
inf
inf
inf
inf
inf
inf
inf
inf
inf
inf
inf
inf
inf
inf
inf
inf
inf
inf
inf
inf
inf
inf
inf
inf
inf
inf
inf
inf
inf
inf
inf
inf
inf
inf
inf
inf
inf
inf
inf
inf
inf
inf
inf
inf
inf
inf
inf
inf
inf
inf
inf
inf
inf
inf
inf
inf
inf
inf
inf
inf
inf
inf
inf
inf
inf
inf
inf
inf
inf
inf
inf
inf
inf
inf
inf
inf
inf
inf
inf
inf
inf
inf
inf
inf
inf
inf
inf
inf
inf
inf
inf
inf
inf
inf
inf
inf
inf
inf
inf
inf
inf
inf
inf
inf
inf
inf
inf
inf
inf
inf
inf
inf
inf
inf
inf
inf
inf
inf
inf
inf
inf
inf
inf
inf
inf
inf
inf
inf
inf
inf
inf
inf
inf
inf
inf
inf
inf
inf
inf
inf
inf
inf
inf
inf
inf
inf
inf
inf
inf
inf
inf
inf
inf
inf
inf
inf
inf
inf
inf
inf
inf
inf
inf
inf
inf
inf
inf
inf
inf
inf
inf
inf
inf
inf
inf
inf
inf
inf
inf
inf
inf
inf
inf
inf
inf
inf
inf
inf
inf
inf
inf
inf
inf
inf
inf
inf
inf
inf
inf
inf
inf
inf
inf
inf
inf
inf
inf
inf
inf
inf
inf
inf
inf
inf
inf
inf
inf
inf
inf
inf
inf
inf
inf
inf
inf
inf
inf
inf
inf
inf
inf
inf
inf
inf
inf
inf
inf
inf
inf
inf
inf
inf
inf
inf
inf
inf
inf
inf
inf
inf
inf
inf
inf
inf
inf
inf
inf
inf
inf
inf
inf
inf
inf
inf
inf
inf
inf
inf
inf
inf
inf
inf
inf
inf
inf
inf
inf
inf
inf
inf
inf
inf
inf
inf
inf
inf
inf
inf
inf
inf
inf
inf
inf
inf
inf
inf
inf
inf
inf
inf
inf
inf
inf
inf
inf
inf
inf
inf
inf
inf
inf
inf
inf
inf
inf
inf
inf
inf
inf
inf
inf
inf
inf
inf
inf
inf
inf
inf
inf
inf
inf
inf
inf
inf
inf
inf
inf
inf
inf
inf
inf
inf
inf
inf
inf
inf
inf
inf
inf
inf
inf
inf
inf
inf
inf
inf
inf
inf
inf
inf
inf
inf
inf
inf
inf
inf
inf
inf
inf
inf
inf
inf
inf
inf
inf
inf
inf
inf
inf
inf
inf
inf
inf
inf
inf
inf
inf
inf
inf
inf
inf
inf
inf
inf
inf
inf
inf
inf
inf
inf
inf
inf
inf
inf
inf
inf
inf
inf
inf
inf
inf
inf
inf
inf
inf
inf
inf
inf
inf
inf
inf
inf
inf
inf
inf
inf
inf
inf
inf
inf
inf
inf
inf
inf
inf
inf
inf
inf
inf
inf
inf
inf
inf
inf
inf
inf
inf
inf
inf
inf
inf
inf
inf
inf
inf
inf
inf
inf
inf
inf
inf
inf
inf
inf
inf
inf
inf
inf
inf
inf
inf
inf
inf
inf
inf
inf
inf
inf
inf
inf
inf
inf
inf
inf
inf
inf
inf
inf
inf
inf
inf
inf
inf
inf
inf
inf
inf
inf
inf
inf
inf
inf
inf
inf
inf
inf
inf
inf
inf
inf
inf
inf
inf
inf
inf
inf
inf
inf
inf
inf
inf
inf
inf
inf
inf
inf
inf
inf
inf
inf
inf
inf
inf
inf
inf
inf
inf
inf
inf
inf
inf
inf
inf
inf
inf
inf
inf
inf
inf
inf
inf
inf
inf
inf
inf
inf
inf
inf
inf
inf
inf
inf
inf
inf
inf
inf
inf
inf
inf
inf
inf
inf
inf
inf
inf
inf
inf
inf
inf
inf
inf
inf
inf
inf
inf
inf
inf
inf
inf
inf
inf
inf
inf
inf
inf
inf
inf
inf
inf
inf
inf
inf
inf
inf
inf
inf
inf
inf
inf
inf
inf
inf
inf
inf
inf
inf
inf
inf
inf
inf
inf
inf
inf
inf
inf
inf
inf
inf
inf
inf
inf
inf
inf
inf
inf
inf
inf
inf
inf
inf
inf
inf
inf
inf
inf
inf
inf
inf
inf
inf
inf
inf
inf
inf
inf
inf
inf
inf
inf
inf
inf
inf
inf
inf
inf
inf
inf
inf
inf
inf
inf
inf
inf
inf
inf
inf
inf
inf
inf
inf
inf
inf
inf
inf
inf
